-4.0
-3.7419354838709675
-3.4838709677419355
-3.225806451612903
-2.967741935483871
-2.7096774193548385
-2.4516129032258065
-2.193548387096774
-1.935483870967742
-1.6774193548387097
-1.4193548387096775
-1.1612903225806452
-0.9032258064516129
-0.6451612903225806
-0.3870967741935484
-0.12903225806451613
0.12903225806451613
0.3870967741935484
0.6451612903225806
0.9032258064516129
1.1612903225806452
1.4193548387096775
1.6774193548387097
1.935483870967742
2.193548387096774
2.4516129032258065
2.7096774193548385
2.967741935483871
3.225806451612903
3.4838709677419355
3.7419354838709675
4.0
