0.9999999999999998
0.9999999999999998
1.0000000000000007
1.0000000000000002
0.9999999999999999
0.9999999999999993
1.0000000000000002
1.0000000000000007
0.9999999999999999
0.9999999999999983
0.9999999999999997
0.9999999999999994
0.9999999999999983
1.0
1.0000000000000002
1.0
0.9999999999999988
1.0
0.9999999999999997
1.0000000000000004
0.9999999999999986
1.0000000000000004
0.9999999999999996
0.9999999999999976
0.9999999999999988
0.9999999999999999
1.000000000000001
0.999999999999998
1.0000000000000013
0.9999999999999994
0.9999999999999972
1.0000000000000002
1.0
0.9999999999999982
0.9999999999999986
1.0000000000000029
1.0000000000000016
0.9999999999999971
1.0000000000000002
1.0000000000000038
1.0000000000000004
0.9999999999999957
1.0000000000000018
1.0000000000000009
0.9999999999999967
0.9999999999999986
0.9999999999999983
0.9999999999999984
0.9999999999999961
0.999999999999997
