1.0000000000000093
0.9999434255705265
0.9997754163424549
0.9994961030759162
0.9991055382741162
0.9986040909315592
0.9979921316445332
0.9972700751885286
0.9964384899371428
0.9954980250437805
0.9944494233880006
0.9932935113463205
0.9920311975260784
0.9906634713812611
0.989191401713948
0.9876161350648036
0.9859388939966778
0.9841609752752514
0.9822837479511803
0.9803086513481473
0.9782371929616306
0.9760709462732939
0.9738115484860256
0.9714606981849269
0.969020152929575
0.9664917267829835
0.9638772877828662
0.9611787553608178
0.958398097715032
0.9555373291423094
0.9525985073351229
0.9495837306493257
0.9464951353484127
0.9433348928298386
0.9401052068390966
0.9368083106771561
0.9334464644066935
0.9300219520625078
0.926537078871423
0.9229941684868319
0.9193955602428889
0.9157436064332368
0.9120406696189266
0.9082891199701854
0.9044913326462435
0.9006496852175396
0.8967665551341223
0.8928443172442173
0.8888853413663146
0.8848919899182993
0.8808666156066843
0.8768115591788187
0.8727291472408942
0.8686216901440761
0.8644914799410474
0.8603407884150038
0.8561718651828351
0.8519869358739909
0.8477882003865319
0.8435778312211895
0.839357971894505
0.8351307354316779
0.8308982029394351
0.8266624222593009
0.8224254067011869
0.818189133857189
0.8139555444952165
0.8097265415319441
0.8055039890843282
0.8012897115988833
0.7970854930576914
0.7928930762599322
0.7887141621777074
0.7845504093846677
0.7804034335559782
0.7762748070379186
0.7721660584853774
0.7680786725654567
0.7640140897252276
0.7599737060216428
0.7559588730116173
0.7519708977001136
0.7480110425441139
0.7440805255102965
0.7401805201841712
0.7363121559284979
0.7324765180886369
0.7286746482426444
0.7249075444938687
0.7211761618036495
0.7174814123620661
0.7138241659943086
0.7102052506005814
0.7066254526272996
0.7030855175674386
0.6995861504878527
0.6961280165815755
0.6927117417429471
0.6893379131636386
0.6860070799475935
0.6827197537429701
0.6794764093892806
0.6762774855778614
0.6731233855240126
0.6700144776490928
0.6669510962709553
0.6639335423012047
0.6609620839477546
0.6580369574213123
0.6551583676443974
0.6523264889616345
0.6495414658501328
0.6468034136287567
0.6441124191652491
0.6414685415802075
0.6388718129469325
0.6363222389863274
0.633819799756033
0.6313644503330338
0.628956121489117
0.6265947203585179
0.6242801310972723
0.6220122155337373
0.6197908138098819
0.6176157450130042
0.6154868077975232
0.6134037809966159
0.6113664242235087
0.6093744784622502
0.6074276666478406
0.6055256942357428
0.6036682497606538
0.6018550053846375
0.6000856174346463
0.598359726929554
0.5966769600968195
0.5950369288789377
0.5934392314299176
0.5918834526019389
0.5903691644224623
0.5888959265621011
0.5874632867934263
0.586070781441085
0.5847179358235594
0.5834042646867532
0.5821292726299054
0.5808924545240034
0.5796932959231418
0.5785312734691
0.5774058552894761
0.576316501389766
0.5752626640396116
0.5742437881536472
0.5732593116671852
0.5723086659070803
0.57139127595807
0.5705065610248524
0.5696539347902219
0.5688328057694984
0.5680425776614783
0.5672826496962129
0.5665524169797813
0.5658512708362902
0.5651785991472852
0.5645337866887953
0.5639162154660932
0.5633252650464338
0.5627603128898112
0.5622207346779119
0.5617059046413456
0.5612151958852769
0.5607479807134769
0.5603036309509611
0.5598815182651304
0.5594810144855696
0.5591014919224737
0.5587423236836709
0.5584028839903505
0.558082548491307
0.5577806945758333
0.5574967016850713
0.5572299516218507
0.5569798288588579
0.5567457208450842
0.5565270183104061
0.5563231155681992
0.5561334108157964
0.5559573064326726
0.555794209276161
0.5556435309744954
0.5555046882170301
0.5553771030413669
0.5552602031171999
0.555153422026635
0.5550561995407572
0.5549679818921606
0.5548882220432135
0.5548163799497864
0.5547519228201699
0.5546943253689051
0.5546430700652689
0.5545976473760946
0.5545575560027085
0.5545223031116345
0.5544914045588454
0.5544643851072331
0.5544407786370718
0.5544201283491637
0.5544019869604052
0.5543859168915575
0.554371490446882
0.5543582899855157
0.5543459080841955
0.554333947691257
0.5543220222715864
0.5543097559423473
0.5542967835993089
0.5542827510335546
0.5542673150384373
0.5542501435065927
0.5542309155168954
0.5542093214112189
0.5541850628608695
0.5541578529226543
0.5541274160844344
0.5540934883001436
0.5540558170142216
0.5540141611754265
0.5539682912400251
0.5539179891643318
0.553863048386693
0.5538032737988796
0.5537384817070105
0.5536684997820357
0.5535931669999044
0.5535123335715527
0.5534258608627505
0.5533336213040774
0.5532354982910932
0.5531313860749278
0.5530211896434735
0.5529048245933912
0.5527822169931651
0.5526533032374064
0.5525180298927218
0.5523763535353362
0.5522282405808313
0.5520736671061738
0.5519126186644625
0.5517450900925792
0.5515710853121827
0.551390617124227
0.5512037069974687
0.5510103848512329
0.5508106888327965
0.5506046650897127
0.5503923675375016
0.5501738576229775
0.5499492040836461
0.5497184827034537
0.5494817760653742
0.5492391733010132
0.5489907698378144
0.5487366671440034
0.5484769724718297
0.5482117985992979
0.5479412635708619
0.5476654904373331
0.5473846069954419
0.5470987455273023
0.546808042540172
0.5465126385067943
0.5462126776066674
0.5459083074685288
0.5455996789143934
0.5452869457053712
0.5449702642896224
0.5446497935526924
0.5443256945704972
0.5439981303651953
0.5436672656642332
0.543333266662787
0.5429963007897907
0.5426565364778342
0.5423141429370872
0.5419692899334464
0.5416221397497017
0.5412728422318204
0.5409215933875007
0.5405685632790338
0.5402139214792507
0.5398578368781043
0.5395004774945698
0.5391420102939912
0.5387826010109932
0.5384224139780183
0.5380616119595931
0.5377003559923897
0.537338805231161
0.5369771168005694
0.5366154456530006
0.5362539444323755
0.53589276334397
0.5355320500303088
0.5351719494531296
0.5348126037814013
0.5344541522854317
0.5340967312370534
0.5337404738158521
0.5333855100214574
0.5330319665918548
0.5326799669276966
0.5323296310225948
0.5319810753993743
0.5316344130522035
0.5312897533946438
0.5309472022135175
0.5306068616285883
0.5302688300580017
0.5299332021894178
0.5296000689568369
0.5292695175229952
0.5289416312673102
0.5286164897792845
0.5282941688572471
0.5279747405123917
0.5276582729779196
0.5273448307232151
0.5270344744728868
0.5267272612304876
0.5264232443068074
0.5261224733525379
0.5258249943951382
0.5255308498797874
0.5252400787142171
0.5249527163173396
0.524668794671486
0.524388342378187
0.5241113847173238
0.5238379437095955
0.5235680381820894
0.5233016838369684
0.5230388933229992
0.5227796763099003
0.5225240395653103
0.5222719870342418
0.5220235199208478
0.5217786367723694
0.5215373335650719
0.5212996037920146
0.5210654385524732
0.5208348266428632
0.520607754648988
0.5203842070394352
0.520164166259985
0.5199476128288414
0.5197345254325546
0.519524881022465
0.5193186549115107
0.519115820871297
0.5189163512292317
0.5187202169656219
0.5185273878105812
0.5183378323406249
0.5181515180748257
0.5179684115704077
0.5177884785176382
0.5176116838339251
0.5174379917569991
0.51726736593705
0.51709976952772
0.5169351652758789
0.5167735156100072
0.516614782727152
0.5164589286783139
0.5163059154522188
0.5161557050572874
0.516008259601832
0.5158635413722943
0.5157215129094825
0.515582137082719
0.5154453771618019
0.5153111968867298
0.5151795605350951
0.5150504329870608
0.5149237797879076
0.5147995672080105
0.5146777623002595
0.5145583329547944
0.5144412479510935
0.5143264770072595
0.5142139908265659
0.5141037611411365
0.5139957607528
0.513889963571032
0.5137863446480144
0.5136848802107314
0.5135855476901686
0.5134883257475352
0.5133931942975373
0.5133001345287436
0.5132091289209533
0.5131201612596876
0.5130332166477417
0.5129482815138607
0.5128653436185217
0.5127843920569306
0.5127054172591581
0.512628410987513
0.5125533663312228
0.5124802776983499
0.5124089516004011
0.512339382948069
0.5122717591288329
0.5122060804267807
0.512142348384444
0.5120805657785138
0.5120207365931587
0.5119628659909937
0.5119069602817269
0.5118530268885898
0.5118010743125568
0.5117511120944862
0.511703150775157
0.5116572018533713
0.5116132777420993
0.5115713917227976
0.5115315578979555
0.5114937911419314
0.5114581070501705
0.5114245218868906
0.5113930525312876
0.5113637164223696
0.5113365315024863
0.5113115161596579
0.5112886891687541
0.5112680696316673
0.511249676916485
0.5112335305958431
0.5112196503844801
0.5112080560761199
0.5111987674797384
0.5111918043553472
0.5111871863493321
0.5111849329294942
0.5111850633198247
0.5111875964351144
0.5111925508155362
0.5111999445612038
0.5112097952668269
0.5112221199565748
0.5112369350191645
0.5112542561433074
0.5112740982535657
0.5112964754466855
0.5113214009284961
0.5113488869514454
0.5113789447528286
0.511411584493789
0.5114468151991588
0.5114846446981947
0.5115250795662689
0.5115681250676158
0.5116137850991287
0.5116620621353453
0.511712957174619
0.5117664696865569
0.511822597560821
0.51188133705729
0.511942682757674
0.5120066275186338
0.5120731624264815
0.5121422767534787
0.5122139579158272
0.5122881914333723
0.5123649608911077
0.5124442479024972
0.5125260320746982
0.5126102909756889
0.5126970001034019
0.512786132856867
0.5128776605094066
0.5129715521839633
0.5130677748305418
0.5131662932058486
0.5132670698551656
0.5133700650964407
0.5134752370066991
0.5135825414107824
0.5136919318724025
0.5138033596876119
0.5139167738806764
0.5140321212023694
0.514149346130736
0.5142683908743093
0.5143891953778369
0.5145116973304821
0.5146358321765065
0.514761533128499
0.514888731183054
0.5150173551389259
0.5151473316176922
0.5152785850868047
0.5154110378851312
0.5155446102508242
0.5156792203516162
0.5158147843174311
0.5159512162752818
0.5160884283864948
0.5162263308861076
0.5163648321245212
0.5165038386113064
0.5166432550611455
0.5167829844418922
0.5169229280246997
0.5170629854362181
0.5172030547127833
0.517343032356656
0.5174828133941912
0.5176222914360005
0.5177613587390553
0.5178999062707182
0.5180378237746859
0.518174999838867
0.5183113219651623
0.5184466766411331
0.5185809494135856
0.5187140249640809
0.5188457871862947
0.5189761192653722
0.5191049037591415
0.5192320226812743
0.5193573575864115
0.5194807896572128
0.5196021997933834
0.5197214687026842
0.5198384769939339
0.5199531052720224
0.520065234234978
0.5201747447730443
0.5202815180698642
0.5203854357057374
0.5204863797630103
0.5205842329335931
0.5206788786286353
0.5207702010903984
0.520858085506364
0.5209424181255163
0.5210230863769448
0.5210999789906804
0.5211729861208485
0.5212419994710865
0.5213069124222854
0.5213676201625889
0.5214240198196723
0.5214760105952226
0.5215234939015714
0.5215663735004202
0.5216045556435107
0.5216379492151046
0.5216664658761582
0.5216900202098799
0.5217085298684988
0.5217219157209053
0.5217301020008476
0.5217330164552341
0.5217305904921876
0.5217227593282291
0.5217094621341364
0.5216906421788517
0.5216662469707155
0.5216362283954187
0.5216005428498504
0.5215591513711123
0.521512019759844
0.5214589569069149
0.5213999300697916
0.5213343108230202
0.5212620525657077
0.5211828773389187
0.521097786069847
0.521006782958137
0.5209098777924538
0.5208062157567256
0.5206966712945474
0.5205812721377368
0.5204600517317313
0.5203330492194647
0.5202003094119662
0.5200618827458954
0.5199178252283821
0.5197681983697214
0.5196130691044815
0.5194525097017716
0.5192865976654927
0.5191154156254012
0.5189390512199248
0.5187575969716836
0.5185711501566416
0.5183798126678499
0.5181836908747081
0.5179828954786035
0.5177775413657448
0.5175677474579802
0.5173536365622732
0.5171353352194311
0.5169127774590586
0.5166857011868331
0.516454829186424
0.5162203027188601
0.5159811647530258
0.5157382836661971
0.5154921834867137
0.5152430188454925
0.5149909468548791
0.5147361269642293
0.5144787208168705
0.5142188921084754
0.5139568064467112
0.5136926312121372
0.5134265354202631
0.5131586895846652
0.5128892655811224
0.5126184365126567
0.5123463860215853
0.5120732811903393
0.5117992981216701
0.5115246136159357
0.5112494050392519
0.5109738501927542
0.5106969501630582
0.5104188863735144
0.5101410023966997
0.5098634795648208
0.5095864990525792
0.509310241747594
0.5090348881209215
0.5087606180982527
0.5084876109318093
0.5082160450730451
0.5079460980461757
0.5076779463226551
0.507411765196625
0.5071477286614626
0.506886009287444
0.5066267781006851
0.5063702044633541
0.5061164559552974
0.5058656982571648
0.5056180950350744
0.5053738078269535
0.5051329959305969
0.5048958162935913
0.5046624234051212
0.504432969189778
0.5042076029034749
0.5039864710315093
0.5037697171889112
0.503557482023084
0.5033499031189165
0.5031471149063612
0.502949248570586
0.5027564319648148
0.5025687895258393
0.5023864421923788
0.5022095073262661
0.50203809863656
0.5018723261066707
0.5017122959244921
0.5015581104156399
0.5014098679798287
0.5012676630304298
0.5011315859372507
0.5010017229725505
0.500878156260384
0.5007609637291724
0.5006502190677037
0.5005459916843658
0.5004483466698226
0.5003573447629841
0.5002730423203748
0.500195491288838
0.5001247391815984
0.5000608290576679
0.5000037995045831
0.49995368462444806
0.4999105140232715
0.4998743128035743
0.49984510156026063
0.49982289637967664
0.49980770884189624
0.4997995771404812
0.49979847487948686
0.49980440020851796
0.4998173468084288
0.4998373039091432
0.4998642563103722
0.49989818440528794
0.4999390642070576
0.49998686737830444
0.5000415612633479
0.5001031089232745
0.500171469173726
0.500246596625406
0.5003284417272399
0.5004169508121673
0.5005120661454773
0.5006137259756925
0.5007218645879304
0.500836412359692
0.5009572958190314
0.5010844377050959
0.5012177570309199
0.5013571691484736
0.5015025858159327
0.5016539152670376
0.50181113376394
0.5019740726203499
0.5021426299150146
0.5023167004992174
0.5024961760763755
0.5026809452832586
0.5028708937729868
0.5030659042997363
0.5032658568050825
0.5034706285059591
0.5036800939841302
0.5038941252771202
0.5041125919705653
0.5043353612918988
0.5045622982052955
0.5047932655078498
0.5050281239268641
0.5052667322182514
0.505508947265879
0.5057544887584519
0.506003341752076
0.5062548368640244
0.5065091902775147
0.506766174607053
0.5070256607359268
0.507287491580021
0.5075515374988506
0.5078177834920885
0.5080860147567261
0.5083560721705145
0.508627856725716
0.5089012109417688
0.5091759770209512
0.5094517121306052
0.5097285356328172
0.5100060116300802
0.5102839656634306
0.5105625126828701
0.5108414956481446
0.511120758000319
0.511399576170628
0.5116783374076852
0.5119566274191879
0.5122344034223578
0.5125114587164457
0.5127874950701472
0.513061831885199
0.513334364148713
0.5136049419787858
0.5138738749098004
0.5141411875442955
0.5144064848766913
0.5146700026696822
0.514931252387991
0.5151901562694512
0.5154464571049231
0.5157004340046181
0.5159497186612829
0.5161962456352974
0.5164393295559411
0.5166785736063843
0.516914536378875
0.5171474053690345
0.5173761978437146
0.5176010629888432
0.5178224752518735
0.5180400031196126
0.5182538856110362
0.5184640364514145
0.5186703728543157
0.5188728155599697
0.519071138241619
0.5192649997147043
0.5194542400794365
0.5196378701833924
0.5198161538560016
0.5199899302087545
0.520159147561866
0.5203237022682078
0.5204837316976626
0.5206391942630826
0.5207900586137109
0.5209360387477084
0.5210773649669078
0.5212140148166633
0.5213459696965547
0.5214727106213805
0.5215945302215909
0.5217114381347797
0.5218228349831225
0.5219290485620622
0.5220299621880676
0.5221248605937613
0.5222150827037958
0.5222999993207379
0.5223799511878232
0.5224552874671181
0.5225256050827719
0.5225913820278896
0.5226526259672601
0.5227092564453861
0.5227614705533724
0.5228093164536556
0.5228528445266265
0.5228921101025991
0.5229269841688652
0.5229560026532478
0.5229795811690845
0.522999123110505
0.5230147018184125
0.5230263506306554
0.5230341435085314
0.5230382024008802
0.5230386105070244
0.5230354532030146
0.5230288179412449
0.5230187941489295
0.5230054323814438
0.5229887515811131
0.5229689290005719
0.5229460617981819
0.5229202556597805
0.5228915599552014
0.5228601545353218
0.5228260989080333
0.5227895391124634
0.5227505789544904
0.5227093230545129
0.5226658767382176
0.5226203166879744
0.5225727799540043
0.5225233496068511
0.5224721451768828
0.5224192686640468
0.5223647717439891
0.52230881555405
0.5222515216655748
0.5221929390052614
0.5221331998859574
0.5220724438979956
0.5220107648705149
0.5219482813225733
0.5218850979247012
0.5218213204535552
0.5217570657695627
0.5216923829625466
0.5216274172830268
0.5215622687087444
0.5214970364410519
0.521431824776508
0.5213667259860266
0.5213018399706136
0.5212372509604565
0.5211730592105597
0.5211092483971564
0.5210459957933925
0.5209833895971431
0.520921505868304
0.5208604263348694
0.5208002418791999
0.5207409933193037
0.5206826322799237
0.5206253084251865
0.5205691712840702
0.5205142901779231
0.5204607659828222
0.5204086277855183
0.5203579380396653
0.5203087248247377
0.5202610587698953
0.520215003468672
0.5201705905024759
0.5201278673968646
0.5200867812496183
0.5200474918362763
0.5200100380551489
0.5199744224740199
0.5199407119962781
0.5199089010730634
0.5198790600278227
0.519851235682328
0.5198254187690148
0.5198015764127717
0.5197797690931418
0.5197600097543695
0.5197423115106103
0.5197266478734248
0.5197128741745223
0.5197011291325322
0.5196915085487922
0.519683848572737
0.5196782532571588
0.5196747005702893
0.5196731771228629
0.519673678974666
0.5196761411178877
0.5196805412136686
0.5196869014228536
0.5196951951306324
0.5197053930828059
0.5197174634236283
0.5197313196955488
0.5197469460717314
0.5197642635057556
0.5197832279440464
0.5198038301239151
0.5198260060752021
0.5198496341368376
0.5198746814245111
0.5199010929988368
0.519928801132069
0.519957745694457
0.519987758352288
0.520018661501084
0.5200506462137178
0.5200836438338068
0.5201175893961032
0.5201523348345934
0.5201877283511568
0.5202238938888237
0.5202605990647924
0.5202974225779767
0.5203340280114142
0.5203709631100839
0.5204078203631688
0.5204445194601062
0.5204807499822962
0.5205166873217907
0.5205512726776304
0.5205849606622895
0.5206175857789453
0.5206493871314478
0.5206805747706749
0.5207101445651735
0.5207380383652321
0.5207639447429699
0.5207882560304272
0.5208113828202809
0.520833235670876
0.5208531614697078
0.5208714353430545
0.5208875630431339
0.5209015816724466
0.5209134375430905
0.5209229034469953
0.520929674322377
0.5209341279311142
0.5209362480810745
0.5209358578576423
0.5209322779864802
0.5209255433368583
0.5209160804854595
0.5209038904485608
0.520888499414556
0.5208699408407254
0.5208484839332186
0.5208236009249831
0.5207953184398539
0.5207639521204003
0.5207294882870686
0.5206917923463922
0.5206502168457041
0.5206051976022222
0.5205564635496585
0.5205041598539144
0.5204484253158512
0.5203895349932927
0.5203268331042579
0.5202606848949946
0.520191036451387
0.5201181906343811
0.520042010574319
0.5199624879120744
0.5198797838399609
0.5197935230201856
0.5197040348623548
0.5196112187549545
0.5195150923542606
0.5194157397647134
0.5193133087350229
0.5192078300349002
0.519099337541278
0.518987684908647
0.5188728733354152
0.5187551646863494
