0.9719801306199232
0.766506454037942
0.4575751642201024
0.19013814185957115
0.07982468573327098
0.08310525943592377
0.11116965518043846
0.12956180372996895
0.0991324126372872
0.04647470135967791
0.049178685512356005
0.0667275545698823
0.08242109107005581
0.09757144482261366
0.08462822533206342
0.039316466664544886
0.01875736147689189
0.05524545893595495
0.06624994571057906
0.06135246610113331
0.05646991534754726
0.05263968489986446
0.03657369759178748
0.0030384813730775072
0.034601675407545066
0.04965411725810381
0.028440868279087782
0.0322655763908279
0.06791098547880668
0.06409984156003963
0.07449566020434072
0.15227912241223954
0.20307047071998538
0.17917364108273195
0.09445427670323626
0.03238799712717288
0.08362529607682669
0.15221236987084613
0.2395529376607224
0.2873945078825024
0.25278497017858154
0.1736356287644286
0.15780725809386717
0.16818618813300287
0.11594937109530098
0.07804844049107743
0.14922902864542106
0.1784000385378053
0.13935664969159328
0.08515018207803424
