1.0000000000000102
0.9999434085154457
0.9997753832592724
0.9994960378204898
0.9991055149153408
0.9986041141263914
0.9979921461088447
0.9972700897317901
0.9964385062364854
0.9954980530686629
0.9944494767587437
0.9932936077987023
0.9920313548393931
0.9906637169213198
0.9891917736347565
0.9876166731135959
0.9859396450163836
0.9841619939167979
0.9822850974192713
0.9803104041786639
0.9782394318289828
0.976073764826176
0.9738150522102594
0.9714650052922424
0.9690253907485863
0.9664980370122249
0.9638848367491767
0.9611877267067409
0.9584086875065188
0.9555497476136884
0.9526129843290151
0.9496005258878661
0.9465145337879718
0.943357187515466
0.9401307230574367
0.9368373969575026
0.9334795058533982
0.9300593351795572
0.9265792686128523
0.9230416425700971
0.9194488223792054
0.9158032328988123
0.912107266493912
0.9083633319479095
0.9045738551708145
0.9007412503700709
0.8968679979145581
0.8929565056099292
0.8890092040758548
0.8850285182404639
0.8810168647560005
0.8769766496110191
0.8729102659446617
0.8688200878670902
0.8647084851743854
0.8605777964957944
0.8564303441482107
0.8522684281851365
0.8480943246801896
0.843910284079758
0.8397185296256886
0.8355212558462595
0.8313206231804642
0.8271187686231514
0.82291779575222
0.8187197668920344
0.8145267129998721
0.8103406289011155
0.8061634723286052
0.8019971630201708
0.7978435818678046
0.793704570116861
0.7895819286201462
0.7854774171575696
0.7813927538335439
0.7773296145597542
0.7732896326218904
0.7692743983229698
0.7652854553453419
0.7613243139200279
0.7573924305834295
0.7534912173680818
0.7496220547196185
0.7457862670908166
0.7419851392506345
0.7382199123491239
0.7344917840889001
0.730801905168914
0.7271513907181234
0.7235413097299029
0.7199726927566111
0.7164465205998876
0.7129637365059056
0.7095252427259611
0.7061319010110382
0.7027845302941627
0.6994839159259213
0.6962308011410414
0.6930258938909324
0.689869859048284
0.6867633271079224
0.6837068921529975
0.680701108447171
0.6777465072432234
0.6748435732895146
0.6719927615449899
0.6691944938481379
0.6664491595874379
0.6637571163723797
0.6611186868853834
0.6585341747667647
0.6560038386657108
0.6535279195695581
0.651106630046269
0.6487401471902692
0.6464286247314087
0.6441721898636715
0.6419709438695849
0.6398249627349017
0.637734297752875
0.635698972140512
0.6337189974677963
0.6317943505478262
0.6299249897191
0.6281108498075462
0.6263518493222793
0.6246478809838327
0.6229988188830483
0.6214045132817325
0.619864807129229
0.6183795084903798
0.6169484190840793
0.6155713226798407
0.6142479774579991
0.6129781284337943
0.6117615038653441
0.6105978111563841
0.6094867550271131
0.6084280112931176
0.6074212448212001
0.6064661054697069
0.6055622283971094
0.6047092335292699
0.603906729288613
0.6031543071968835
0.6024515471432403
0.601798014617554
0.6011932623741804
0.6006368302954674
0.6001282422249639
0.5996670152072096
0.5992526574901117
0.5988846541646153
0.5985624857804388
0.5982856184763441
0.5980535078554553
0.5978655982490847
0.5977213228954537
0.597620104112974
0.5975613534675189
0.5975444719335934
0.5975688500502817
0.5976338680738684
0.5977388961296536
0.5978832943663599
0.5980664162658799
0.5982875985680379
0.5985461711626444
0.5988414583068445
0.5991727730048302
0.5995394194936575
0.5999406935030691
0.60037588252253
0.6008442660677374
0.601345115940559
0.6018776964805604
0.6024412648100146
0.6030350710753432
0.6036583586860054
0.6043103645490931
0.6049903192962361
0.6056974475001762
0.6064309678804577
0.6071900935001141
0.6079740319574614
0.6087819855781172
0.6096131516130211
0.6104667224476891
0.611341885826961
0.6122378250978773
0.613153719471155
0.6140887443001857
0.6150420713753464
0.6160128692315213
0.6170003034671694
0.6180035370744671
0.6190217307809975
0.6200540434044932
0.621099632222777
0.6221576533613972
0.6232272622000027
0.6243076137961592
0.6253978633218612
0.6264971665069573
0.6276046800871505
0.6287195622627784
0.6298409731837109
0.630968075477999
0.632100034831806
0.6332360206078175
0.6343752064690041
0.6355167709677801
0.6366598980723354
0.6378037776269103
0.6389476057668354
0.6400905853213651
0.641231926232949
0.6423708460067618
0.6435065701886822
0.6446383328609001
0.6457653771434102
0.6468869556927825
0.6480023311942908
0.6491107768466461
0.6502115768405125
0.6513040268319584
0.6523874344113803
0.6534611195672071
0.6545244151426306
0.6555766672833633
0.6566172358743679
0.6576454949645247
0.6586608331790323
0.6596626541202513
0.6606503767582935
0.6616234358125571
0.6625812821250566
0.6635233830256716
0.6644492226884898
0.6653583024776976
0.6662501412808596
0.6671242758272541
0.6679802609890004
0.6688176700631671
0.6696360950337262
0.6704351468126722
0.6712144554602405
0.6719736703843399
0.672712460519335
0.6734305144842954
0.6741275407205606
0.6748032676083332
0.6754574435619832
0.6760898371036048
0.6767002369144275
0.677288451863791
0.6778543110154632
0.6783976636112657
0.6789183790320454
0.6794163467362421
0.6798914761764102
0.680343696694134
0.680772957393927
0.6811792269967075
0.6815624936734891
0.6819227648599895
0.6822600670527798
0.6825744455876563
0.6828659644008402
0.6831347057735649
0.6833807700606583
0.683604275403621
0.6838053574286473
0.6839841689302014
0.6841408795404649
0.6842756753852735
0.6843887587269756
0.6844803475946786
0.684550675402494
0.6845999905562703
0.6846285560493988
0.6846366490482481
0.684624560467916
0.6845925945388072
0.6845410683647982
0.6844703114735038
0.6843806653594952
0.6842724830209561
0.6841461284906581
0.6840019763618537
0.6838404113098919
0.6836618276102316
0.6834666286536423
0.6832552264592825
0.6830280411864076
0.6827855006453235
0.6825280398083143
0.6822561003210951
0.6819701300153383
0.6816705824228444
0.6813579162917334
0.681032595105116
0.680695086602636
0.680345862305166
0.679985397043097
0.6796141684884487
0.6792326566912021
0.67884134362023
0.6784407127090718
0.6780312484071855
0.6776134357368415
0.677187759856266
0.6767547056295059
0.6763147572033557
0.675868397591935
0.675416108269327
0.6749583687706875
0.6744956563022795
0.6740284453607684
0.673557207362145
0.6730824102805477
0.6726045182972807
0.6721239914602094
0.6716412853537377
0.671156850779557
0.6706711334482001
0.670184573681565
0.6696976061264477
0.6692106594791075
0.6687241562208858
0.6682385123648422
0.6677541372133754
0.6672714331268452
0.6667907953029201
0.6663126115667696
0.6658372621718612
0.6653651196112313
0.6648965484391515
0.6644319051029787
0.6639715377850688
0.6635157862545854
0.6630649817290714
0.6626194467455488
0.6621794950411088
0.6617454314427386
0.6613175517662836
0.6608961427244124
0.6604814818434188
0.6600738373886945
0.6596734682988293
0.6592806241280628
0.6588955449970101
0.6585184615515156
0.6581495949293839
0.657789156734905
0.6574373490208679
0.6570943642779029
0.6567603854309205
0.6564355858423535
0.6561201293220358
0.6558141701432727
0.6555178530650554
0.6552313133599397
0.6549546768474511
0.6546880599327
0.6544315696499672
0.6541853037110995
0.6539493505584045
0.6537237894219826
0.6535086903813068
0.6533041144309358
0.6531101135502703
0.6529267307773029
0.6527540002863029
0.6525919474693689
0.6524405890219274
0.6522999330320425
0.6521699790735905
0.652050718303315
0.6519421335616737
0.6518441994775028
0.6517568825764698
0.6516801413932769
0.6516139265875173
0.6515581810632218
0.6515128400919291
0.6514778314393296
0.6514530754952327
0.651438485406974
0.6514339672160118
0.6514394199977189
0.6514547360042504
0.6514798008104098
0.651514493462381
0.6515586866293455
0.6516122467577571
0.6516750342283452
0.6517469035156672
0.6518277033501426
0.6519172768825537
0.6520154618508701
0.6521220907493622
0.6522369909998813
0.6523599851253099
0.652490890924983
0.6526295216520726
0.6527756861928169
0.6529291892474809
0.6530898315129641
0.6532574098668958
0.6534317175531502
0.6536125443686212
0.6537996768511296
0.6539928984683347
0.6541919898075025
0.6543967287659862
0.6546068907422563
0.6548222488274043
0.6550425739968732
0.6552676353023517
0.6554972000636639
0.6557310340605437
0.6559689017240843
0.6562105663278565
0.6564557901784809
0.656704334805567
0.6569559611508999
0.6572104297567835
0.6574675009534127
0.6577269350451815
0.6579884924957957
0.658251934112139
0.6585170212267407
0.6587835158787668
0.6590511809934343
0.659319780559692
0.6595890798061422
0.6598588453750038
0.6601288454940697
0.6603988501464755
0.6606686312382665
0.6609379627634854
0.6612066209668275
0.6614743845036026
0.6617410345969997
0.6620063551924288
0.6622701331089198
0.6625321581873962
0.6627922234357456
0.6630501251705639
0.6633056631555139
0.6635586407360902
0.6638088649708412
0.6640561467588195
0.6643003009632318
0.6645411465311817
0.6647785066093956
0.665012208655872
0.6652420845472673
0.66546797068202
0.6656897080790922
0.6659071424721473
0.6661201243991465
0.6663285092872719
0.6665321575330091
0.6667309345773986
0.6669247109763251
0.667113362465797
0.6672967700221645
0.6674748199173326
0.6676474037687893
0.6678144185846645
0.6679757668036868
0.6681313563301989
0.6682811005641968
0.668424918426595
0.6685627343796973
0.6686944784430097
0.6688200862045433
0.668939498827605
0.6690526630532811
0.6691595311986175
0.6692600611506397
0.6693542163562298
0.6694419658079734
0.6695232840259651
0.6695981510356752
0.6696665665511693
0.6697285241325751
0.6697840052193479
0.6698330114543567
0.6698755498161827
0.66991163257156
0.6699412772257747
0.6699645064692372
0.6699813481202148
0.6699918350636459
0.6699960051861543
0.6699939013071691
0.6699855711062858
0.669971067046881
0.6699504462960053
0.6699237706406695
0.6698911064005529
0.6698525243372648
0.6698080995601754
0.6697579114290351
0.6697020434533696
0.6696405831888635
0.6695736221308074
0.6695012556048239
0.6694235826549298
0.6693406474777257
0.6692526105780319
0.6691595813611475
0.6690616654643258
0.6689589772118719
0.6688516408975973
0.6687397781447629
0.6686235133338424
0.6685029734735851
0.6683782287642517
0.6682494639114823
0.6681168129559492
0.667980412064805
0.6678403994034136
0.667696986872453
0.6675503193997127
0.6674005177729784
0.6672477288606852
0.6670920454979382
0.6669336078553467
0.666772567191099
0.6666091176946023
0.6664433888038476
0.6662755591348982
0.6661057265023628
0.6659340429026533
0.6657606607419556
0.6655857327106242
0.6654094116668252
0.665231850521901
0.6650531967398261
0.6648736050117486
0.6646932332806237
0.6645122315226218
0.6643307512580652
0.6641489433925133
0.6639669581089321
0.6637849447616572
0.6636030517719774
0.6634214265253497
0.6632402539360958
0.6630596061834867
0.6628796622319817
0.6627006002092013
0.6625225267078382
0.6623455941172752
0.6621699412448274
0.6619956912584729
0.6618229781364628
0.6616519339010071
0.6614826885382776
0.6613153699203824
0.6611501037295818
0.6609870133846718
0.6608262199696651
0.6606678421646659
0.6605119961790281
0.6603587956867644
0.6602083517642241
0.6600607728300405
0.6599161645874019
0.6597746299685916
0.659636251211674
0.6595011274704313
0.6593693717261775
0.6592410754834713
0.6591163272319804
0.6589952913811815
0.6588779488898684
0.6587643830344323
0.6586546488632867
0.6585488691794325
0.6584471139458441
0.6583494498714427
0.658255940378186
0.6581666455769609
0.6580816222464683
0.6580009238145116
0.657924600341618
0.6578526985069187
0.6577852615962708
0.6577223294925045
0.6576639386678963
0.6576101623755822
0.6575610289949233
0.6575165241381304
0.6574766625662366
0.6574414504849165
0.6574109140263759
0.6573850796474808
0.6573639565184987
0.6573475504231221
0.6573359693064048
0.6573291216671935
0.6573270031329476
0.6573295751013779
0.6573368598545476
0.6573488429828863
0.65736550677167
0.6573868268296631
0.6574127822130615
0.6574433454484497
0.6574784858684932
0.6575181696443892
0.657562343186001
0.6576109673341807
0.6576640159988462
0.6577214430606706
0.6577832032592424
0.6578492323968165
0.6579194850015194
0.6579939094626497
0.6580724401015162
0.658154990088708
0.6582415529945439
0.6583320814621922
0.6584264608337789
0.6585246877293489
0.6586265961953156
0.6587321059973068
0.6588411357627874
0.658953602262077
0.6590694200742654
0.6591885273318138
0.6593108245188318
0.6594362585661359
0.6595647176349726
0.6596960984596901
0.6598302843809684
0.6599671702702388
0.6601067352799032
0.6602487956358009
0.660393267820509
0.6605400469709194
0.6606890118913998
0.6608400547958321
0.6609930794086394
0.6611479770537557
0.661304625393167
0.6614629066311628
0.6616227063463216
0.6617839143273117
0.6619464455466126
0.6621101373186605
0.6622749071899313
0.6624406242767314
0.6626071746036954
0.6627744339202621
0.6629422951194637
0.6631106527541778
0.663279388746138
0.6634484207963957
0.6636176003796989
0.6637867979239219
0.6639558987996269
0.6641247786962087
0.6642933268388311
0.6644613628674554
0.6646288282674144
0.6647955997208939
0.6649616213058116
0.6651267919942272
0.6652909690224225
0.6654539647924241
0.6656157482411215
0.6657762268738248
0.6659352529968279
0.6660926355746638
0.666248324953712
0.6664021377274825
0.6665540919557023
0.6667039670098129
0.6668518048163863
0.6669974800808874
0.6671409435252359
0.6672821117126759
0.6674208655884595
0.6675571760675163
0.667690949641082
0.6678218780108225
0.6679499404943265
0.6680752516390184
0.668197582542606
0.6683168214435848
0.6684329573448395
0.6685459263572462
0.6686556112822724
0.6687618797352952
0.6688646823833755
0.6689640889432665
0.6690600096742081
0.6691522520159414
0.6692407637544622
0.669325699067043
0.6694069865121505
0.6694845863370712
0.6695585060736103
0.669628667805318
0.6696948450495185
0.6697570584232585
0.6698153112012689
0.66986951746071
0.6699195938721061
0.6699656560903174
0.6700077881550087
0.6700458585538305
0.6700799726130517
0.6701100605924032
0.6701362154279441
0.6701583793330372
0.6701764105424286
0.6701904509395757
0.670200483859587
0.670206585599873
0.67020878786407
0.6702071005223169
0.6702013883187157
0.6701915851359374
0.6701779584005471
0.6701604483751177
0.6701391647214264
0.6701140891676959
0.6700851738802776
0.6700524888667334
0.6700161572474526
0.6699762006860089
0.6699326680519041
0.6698852849470768
0.6698343602635501
0.6697799410388687
0.6697220261763338
0.6696607211454326
0.6695957258508374
0.669527361723525
0.6694557179006628
0.669380831378372
0.6693028305917519
0.6692216885874102
0.6691374287200517
0.6690501413313429
0.6689598883332291
0.6688668479446435
0.6687711240223754
0.6686729170530029
0.6685721960415313
0.6684688527473895
0.6683631130950867
0.6682550704322234
0.6681447457784763
0.6680323077097114
0.6679178173645554
0.6678013473520519
0.6676829313790319
0.6675625673329997
0.6674404160162096
0.6673165445673815
0.667191113272155
0.667064158683864
0.6669356676017151
0.6668056886815563
0.6666744153322223
0.6665420126158618
0.6664084482592665
0.6662735913906717
0.6661378570862408
0.6660013468834827
0.6658639918528163
0.665725996539552
0.6655874906313312
0.6654483652110025
0.6653088172879611
0.6651688868971379
0.665028787463082
0.6648884771783631
0.664748185925833
0.6646079989819496
0.6644678832205838
0.6643279789533504
0.6641883853864692
0.6640492319360708
0.663910526293279
0.6637724263806074
0.6636349800419479
0.6634982270170429
0.6633622499642706
0.6632271896299377
0.6630931292393571
0.6629601457616786
0.6628282206390013
0.6626974396147663
0.6625677771318578
0.662439251573917
0.6623121661209622
0.6621865794836038
0.6620626162152482
0.6619403712464508
0.6618199015356021
0.6617012739533883
0.6615845469432557
0.6614697599501481
0.6613569877217471
0.6612463166625369
0.6611377528054952
0.6610314030921304
0.6609272130055521
0.6608253661835192
0.6607258425105537
0.6606286473823637
0.6605339566818133
0.6604417995268053
0.660352202242172
0.6602652311379801
0.6601809425229543
0.6600993543941678
0.6600205262144696
0.6599445077780651
0.6598713224561797
0.6598010313504671
0.6597336751718001
0.6596692762748377
0.6596078554629462
0.6595494664563136
0.6594941341318558
0.6594418791179671
0.6593927397367588
0.6593468410340415
0.6593041615639624
0.6592647043857199
0.6592283841948754
0.6591952361520795
0.6591652571618781
0.6591384612036991
0.6591148644763216
0.6590944573845815
0.65907729311186
0.6590633355913013
0.6590526264737018
0.6590450884115622
0.6590407107686982
0.6590395337678666
0.6590414954901829
0.6590465844766817
0.6590548694052307
0.6590663014286917
0.6590807966819241
0.6590983817419539
0.6591190109336769
0.6591426322402786
0.6591692243836291
0.6591988552629336
0.6592315070875104
0.6592670459284464
0.6593054272690384
0.6593466855238708
0.6593907339224244
0.6594375467961161
0.6594870499327876
0.6595392013378246
0.6595940338348082
0.6596514784322339
0.6597113891958232
0.659773721791827
0.659838388190636
0.6599055243073919
0.6599751410751845
0.6600469967747103
0.6601211284841335
0.660197457992584
0.6602759291568076
0.6603565153798533
0.6604391437843482
0.6605236944120717
0.6606101234576868
0.6606983923931722
0.6607884823081253
0.660880278421158
0.6609736712468769
0.6610685498244241
0.6611648347675624
0.6612625370462618
0.6613615578561304
0.6614617519458945
0.6615630913683977
0.6616655063856344
0.6617689061218099
0.6618731592336722
0.6619782831665711
0.6620841915998883
0.66219083463879
0.6622981887899021
0.6624061106462544
0.6625145400425629
0.6626233687506067
0.66273256459244
0.6628420678166506
0.6629517803064664
0.663061665419406
0.6631715840525996
0.6632814879555983
0.663391364132074
0.6635010891693094
0.6636106640103
0.6637200083689039
0.6638290454162317
0.6639377326712751
0.6640460139739129
0.664153777620049
0.6642610452512446
0.6643677041876304
0.6644737362662995
0.6645790562161964
0.6646836433265989
0.6647874562693704
0.6648903869029218
0.6649924499211751
0.665093591002554
0.6651937479238527
0.6652928513030044
0.6653908605707853
0.66548764043187
0.6655831336739452
0.6656773582148757
0.6657702161463863
0.6658617142332997
0.6659518472166656
0.666040572190391
0.6661278639528098
0.6662136131795169
0.6662978232167645
0.6663804959339931
0.6664616439314052
0.6665412218181208
0.6666191420676438
0.6666954234144533
0.6667699974331825
0.6668428893074276
0.6669139858927076
0.6669833438866434
0.6670508742839782
0.6671166231795231
0.6671804207910716
0.6672424009001471
0.6673024841239517
0.6673606885762942
0.6674170777149063
0.6674716454443858
0.667524315180946
0.6675749303697607
0.6676236007491007
0.6676703854996873
0.667715239093811
0.6677582739676474
0.6677994075746481
0.667838680699539
0.6678759558539282
0.6679113942848057
0.6679450350837636
0.6679769350852249
0.6680070409229995
0.6680351549106356
0.6680614646706544
0.6680860540724658
0.668108646832896
0.6681293785153078
0.6681483617440026
0.6681657344680861
0.6681815047822418
0.6681956566215812
0.6682082433000974
0.668219364348285
0.6682288524368069
0.6682364797383198
0.668242478263789
0.6682470394528572
0.66825012702016
0.6682516292712898
0.6682517481391694
0.6682504749464809
0.6682479632796007
0.6682441481466547
0.6682392116902531
0.6682331080426023
0.6682259232231886
0.6682175600363545
0.6682079864718921
0.6681973292405655
0.6681854656492772
0.6681726608016336
0.6681589298829128
