1.0000000000000102
0.9999992615536186
0.9999987469297441
0.9999984276970802
0.9999982518245333
0.9999981858726484
0.999998167088189
0.9999981568092907
0.9999981556596763
0.9999981543309344
0.9999981478756426
0.9999981461901349
0.9999981443272759
0.9999981422878875
0.999998140072889
0.9999981376832489
0.9999981351200036
0.9999981323842524
0.9999981294771596
0.999998121460352
0.9999981132441165
0.9999981098272404
0.9999981062433131
0.999998102493766
0.9999980985800996
0.9999980945038441
0.9999980902666025
0.9999980858699806
0.9999980813156606
0.999998076605372
0.9999980717408499
0.9999980667239047
0.9999980615563462
0.9999980514683923
0.9999980410276724
0.999998035422042
0.9999980296729833
0.9999980237824865
0.9999980127912996
0.9999980018777805
0.999997990514604
0.9999979840732333
0.9999979774995627
0.999997970795738
0.9999979639639428
0.9999979570063716
0.9999979449067365
0.9999979325513982
0.9999979252283361
0.9999979127901906
0.9999979001466149
0.9999978872630776
0.9999978794765021
0.9999978715805115
0.9999978635774412
0.9999978554696604
0.9999978472595266
0.9999978389494083
0.9999978305416983
0.9999978170740407
0.9999978032399981
0.9999977945448144
0.9999977857604839
0.999997771753636
0.9999977574786987
0.9999977429738911
0.9999977287767681
0.9999977195672654
0.9999977051150704
0.9999976957531937
0.999997680948488
0.999997671441282
0.9999976568026071
0.9999976419814525
0.9999976322709118
0.9999976224985314
0.9999976075942973
0.9999975977050011
0.9999975877604393
0.9999975777628977
0.9999975623268764
0.9999975471200986
0.9999975369720214
0.9999975267790951
0.9999975165435397
0.9999975013065352
0.999997490983346
0.999997475224753
0.9999974594305501
0.9999974489922386
0.9999974335461381
0.9999974230393528
0.9999974024257532
0.9999973864235429
0.9999973642219255
0.9999973485146996
0.9999973328721954
0.9999973171806316
0.9999972937066218
0.9999972773336734
0.9999972551507372
0.9999972443931007
0.9999972271481032
0.9999972099345179
0.999997194275685
0.9999971834574347
0.9999971726314244
0.9999971617992374
0.9999971453111982
0.9999971344669688
0.9999971236208631
0.99999711277438
0.9999971019289328
0.9999970910859272
0.9999970802467434
0.999997069412705
0.999997052957392
0.9999970368470545
0.9999970260242046
0.9999970099057351
0.999996999099747
0.9999969883049428
0.9999969775224058
0.9999969667532017
0.9999969559983463
0.9999969452588235
0.9999969345355708
0.9999969238295195
0.9999969131415437
0.999996902472481
0.9999968918231378
0.9999968811942939
0.9999968645259124
0.9999968418702894
0.999996831297292
0.9999968207466293
0.9999968102189062
0.9999967997146864
0.999996789234508
0.9999967736902284
0.9999967632554027
0.9999967528456462
0.9999967307998511
0.999996720430185
0.9999967100861645
0.9999966926888285
0.9999966769393577
0.9999966604039298
0.9999966438910034
0.9999966282681273
0.9999966108401595
0.9999965953994864
0.9999965851991985
0.9999965677807541
0.9999965518640402
0.9999965417271068
0.9999965316143818
0.9999965215258751
0.9999965114615501
0.9999965014213703
0.9999964806870415
0.9999964706744352
0.9999964542847487
0.9999964379143246
0.999996422772347
0.9999964128179301
0.9999963973292995
0.9999963874128854
0.999996377516946
0.9999963676412366
0.9999963577855133
0.9999963479495055
0.9999963381329295
0.9999963283354768
0.9999963132065762
0.9999963034440797
0.9999962936994697
0.9999962784583499
0.9999962687376397
0.9999962590332239
0.9999962493446979
0.9999962396716807
0.9999962300137618
0.9999962203705274
0.9999962050720715
0.9999961954533592
0.9999961858477164
0.9999961762547
0.9999961666738633
0.9999961571047412
0.9999961475468867
0.9999961379998152
0.9999961217314939
0.9999961121879846
0.9999961026533958
0.9999960931272442
0.9999960836090563
0.9999960740983455
0.9999960524572152
0.9999960356849759
0.9999960261459689
0.9999960105169873
0.9999960009680374
0.9999959914217387
0.9999959818776347
0.9999959723352749
0.9999959567854659
0.9999959472293591
0.9999959376730949
0.9999959224608826
0.9999959061500231
0.999995889496972
0.9999958798943961
0.9999958702878127
0.9999958606768323
0.9999958510610543
0.9999958414401051
0.9999958318136107
0.9999958221812129
0.9999958125425537
0.9999958028972864
0.9999957932450799
0.9999957835856035
0.9999957668235073
0.9999957571301165
0.9999957474281497
0.9999957308747408
0.9999957141574768
0.9999957043931968
0.9999956946182054
0.999995684832277
0.9999956750351765
0.9999956652267017
0.9999956554066577
0.9999956455748549
0.9999956357311144
0.9999956187632283
0.9999956088767419
0.9999955989775268
0.9999955890654625
0.99999557914042
0.9999955692023155
0.9999955592510384
0.9999955423040874
0.9999955323182355
0.9999955156316541
0.9999955056044376
0.9999954955629927
0.9999954855073119
0.9999954754373569
0.9999954653531216
0.999995455254608
0.9999954451418239
0.9999954217467677
0.9999954115787797
0.9999954013955167
0.9999953911970036
0.9999953809833193
0.9999953707544957
0.9999953605106157
0.9999953502517376
0.9999953399779542
0.999995322268111
0.9999953119485444
0.9999953016137995
0.9999952912639608
0.9999952808991422
0.9999952705194477
0.9999952601249901
0.9999952497158756
0.99999523929222
0.9999952215321914
0.9999952110626958
0.9999952005784996
0.9999951900797366
0.9999951795665233
0.9999951690389883
0.9999951584972525
0.9999951479414435
0.999995137371682
0.9999951267880915
0.999995116190805
0.9999951055799283
0.9999950874747308
0.9999950691910233
0.9999950585108207
0.9999950478165511
0.999995023791491
0.9999950084723863
0.9999949977134238
0.9999949869400614
0.9999949761523884
0.9999949600362781
0.9999949492122092
0.9999949383737462
0.9999949275209624
0.9999949166539499
0.9999949057727542
0.9999948948774625
0.9999948767272865
0.9999948657912835
0.9999948548409596
0.9999948438763621
0.9999948328975269
0.9999948219044855
0.9999948108972752
0.9999947998759031
0.9999947888403964
0.9999947777907635
0.9999947667270137
0.9999947556491442
0.9999947445571412
0.9999947334510048
0.999994722330716
0.9999947032885103
0.9999946921252939
0.9999946809473927
0.9999946697547734
0.9999946585473873
0.9999946473251846
0.9999946360880998
0.9999946248360796
0.9999946135690496
0.9999946022869344
0.9999945909896625
0.9999945796771417
0.999994568349289
0.999994550936537
0.9999945264518332
0.9999945099428242
0.9999944985326344
0.9999944871053859
0.9999944756609658
0.9999944641992439
0.9999944527201033
0.999994434904284
0.9999944233823669
0.999994411842426
0.9999943945388376
0.9999943829609066
0.9999943713641006
0.9999943597482708
0.999994336838539
0.9999943251777978
0.9999943134970777
0.9999943017962296
0.9999942845218541
0.9999942727776616
0.9999942610125699
0.9999942429516047
0.9999942311344567
0.9999942192955196
0.9999942074346393
0.9999941859380602
0.9999941740211622
0.999994162081264
0.9999941501182068
0.9999941317311251
0.9999941197151649
0.999994107675424
0.9999940956117501
0.9999940835240141
0.9999940714120837
0.999994059275825
0.9999940471151013
0.9999940349297931
0.9999940129987611
0.9999940007535201
0.9999939884827094
0.9999939761862259
0.9999939638639547
0.9999939515158044
0.9999939335617919
0.9999939211551129
0.9999939087218659
0.9999938962619693
0.9999938837753556
0.9999938712619523
0.999993858721696
0.9999938461545241
0.9999938335604057
0.9999938209392767
0.999993808291113
0.9999937956158823
0.999993782913556
0.9999937701841218
0.9999937514117273
0.9999937326658077
0.9999937198490471
0.9999937070043806
0.9999936941318353
0.9999936812314293
0.9999936683032102
0.9999936553472035
0.9999936423634875
0.9999936293520958
0.9999936163131152
0.9999935971514914
0.9999935840519503
0.9999935709248418
0.9999935577702505
0.9999935445882977
0.9999935313790875
0.9999935181427572
0.9999935048794253
0.9999934915892431
0.9999934782723404
0.9999934591830729
0.9999934458091817
0.9999934324087337
0.9999934189819104
0.9999934055288978
0.9999933920498938
0.9999933719597921
0.9999933584171005
0.9999933448485585
0.9999933312543976
0.9999933176348377
0.9999933039901204
0.999993290320488
0.9999932766261906
0.9999932629074783
0.999993249164616
0.99999323539787
0.9999932216075117
0.9999932016635087
0.9999931878187416
0.9999931739509599
0.999993160060437
0.9999931461474783
0.9999931322123848
0.9999931182554558
0.9999931042770004
0.999993090277346
0.9999930705511048
0.9999930565074082
0.9999930424431785
0.9999930283587318
0.9999930082269658
0.9999929940992457
0.9999929799517233
0.9999929657847106
0.9999929515985523
0.9999929373935673
0.9999929231700903
0.99999290892845
0.9999928946689703
0.9999928803920045
0.9999928596041971
0.9999928452838422
0.9999928309466823
0.9999928165930496
0.9999928022232683
0.9999927878376761
0.9999927734365813
0.9999927590203247
0.9999927445892196
0.9999927301435917
0.9999927156837605
0.9999927012100248
0.9999926867227208
0.999992672222135
0.9999926577085888
0.9999926431823674
0.9999926286437872
0.9999926140931291
0.9999925995306842
0.9999925849567513
0.9999925642874726
0.9999925496828002
0.9999925350667946
0.9999925204397236
0.9999925010130755
0.9999924791874967
0.9999924645069691
0.9999924498154906
0.999992435113303
0.9999924204006676
0.9999924056778237
0.9999923844769089
0.9999923697227114
0.9999923549586966
0.9999923401850934
0.99999232540213
0.9999923106100068
0.9999922958089378
0.9999922809991217
0.999992266180761
0.9999922513540439
0.9999922365191559
0.9999922216762744
0.9999922068255734
0.9999921919672274
0.9999921771013873
0.9999921622282126
0.9999921473478607
0.9999921324604637
0.9999921175661659
0.9999921026650965
0.9999920819520294
0.999992067033452
0.9999920521082343
0.9999920371764903
0.9999920222383176
0.9999920000041007
0.9999919850432
0.9999919700756678
0.9999919551015849
0.9999919401210332
0.9999919251340764
0.9999919101407735
0.9999918951411965
0.9999918801353977
0.9999918651234173
0.9999918501053093
0.9999918350811055
0.9999918200508504
0.9999918050145583
0.9999917899722688
0.9999917749239834
0.9999917598697242
0.9999917448095044
0.9999917297433228
0.9999917146711842
0.99999169959308
0.9999916845090043
0.9999916694189342
0.9999916543228611
0.9999916392207548
0.9999916241125963
0.9999916089983426
0.9999915938779707
0.9999915713400016
0.9999915561918602
0.9999915410368472
0.9999915258749188
0.9999915107060173
0.9999914895727224
0.9999914743858462
0.9999914591916348
0.9999914439900195
0.9999914287809345
0.9999914135642994
0.999991398340044
0.9999913831080907
0.9999913678683483
0.9999913526207378
0.9999913373651663
0.9999913221015501
0.9999913068297925
0.9999912915497888
0.9999912762614488
0.9999912609646647
0.9999912456593381
0.9999912303453673
0.9999912150226273
0.9999911996910312
0.9999911843504437
0.9999911690007641
0.9999911536418835
0.9999911382736648
0.9999911228959979
0.9999911075087695
0.9999910921118474
0.9999910694093418
0.9999910539830291
0.9999910385461834
0.9999910230986799
0.9999910076403928
0.999990992171193
0.9999909766909489
0.999990961199539
0.9999909456968176
0.9999909301826716
0.999990914656964
0.9999908991195698
0.9999908835703517
0.9999908680091906
0.9999908524359488
0.9999908283097042
0.9999908126973169
0.9999907910840224
0.9999907754495041
0.9999907598016444
0.9999907441403197
0.9999907284654255
0.9999907127768264
0.999990697074411
0.9999906813580689
0.9999906656276819
0.999990649883137
0.9999906341243224
0.9999906183511418
0.9999906025634759
0.9999905867612314
0.9999905647191826
0.9999905488840335
0.9999905330338136
0.9999905171684383
0.9999905012878024
0.9999904853918282
0.9999904694804186
0.9999904535534978
0.9999904376109742
0.9999904216527719
0.9999904056788066
0.9999903896890108
0.999990373683308
0.9999903576616179
0.9999903416238796
0.9999903255700281
0.9999903094999915
0.9999902934137155
0.9999902773111234
0.9999902611921757
0.9999902450568092
0.9999902289049634
0.9999902127366005
0.9999901965516582
0.9999901803500927
0.9999901641318599
0.9999901478969148
0.9999901316452156
0.9999901153767199
0.99999009909139
0.9999900827891967
0.9999900664700972
0.999990050134061
0.9999900337810498
0.9999900174110425
0.9999900010240145
0.999989984619918
0.9999899681987504
0.9999899460946823
0.9999899296335097
0.9999899131549381
0.9999898966589537
0.9999898801455324
0.9999898636146626
0.9999898470663267
0.9999898305005132
0.9999898139172113
0.999989797316416
0.9999897806981197
0.9999897640623068
0.9999897474089733
0.9999897307381187
0.9999897140497325
0.9999896973438129
0.9999896806203648
0.9999896591300508
0.9999896423653063
0.9999896255828553
0.9999896087826847
0.9999895919648181
0.9999895751292323
0.9999895582759546
0.9999895414049799
0.9999895245163094
0.9999895076099513
0.9999894906859105
0.9999894737441983
0.9999894504338538
0.9999894334606768
0.9999894164695174
0.9999893994604013
0.9999893824333251
0.9999893653882848
0.9999893483252957
0.9999893312443702
0.9999893141455007
0.9999892970287146
0.9999892798940023
0.9999892627413871
0.9999892455708705
0.9999892283824581
0.9999892111761658
0.9999891939520001
0.9999891767099697
0.9999891506953935
0.9999891334101011
0.9999891161065495
0.9999890987847538
0.9999890814447188
0.9999890640864536
0.9999890467099692
0.9999890293152763
0.9999890119023942
0.9999889944713115
0.9999889770220591
0.999988959554639
0.9999889420690661
0.9999889245653459
0.9999889070435017
0.9999888895035303
0.999988871945456
0.9999888543692763
0.9999888303909729
0.9999888127731953
0.9999887951370098
0.999988777482432
0.9999887598094728
0.9999887421181575
0.9999887244084757
0.9999887066804656
0.9999886889341211
0.9999886711694722
0.99998865338652
0.9999886355852754
0.9999886177657612
0.999988599927996
0.9999885820719768
0.9999885641977339
0.9999885463052635
0.9999885206426066
0.9999885027165392
0.9999884847719861
0.9999884668089601
0.9999884488274889
0.9999884308275631
0.999988412809208
0.9999883947724272
0.9999883767172343
0.9999883586436484
0.9999883405516619
0.9999883224413094
0.9999882983009061
0.9999882801462606
0.9999882619730582
0.9999882437813116
0.9999882255710225
0.9999882073422006
0.9999881890948443
0.9999881708289708
0.9999881525445838
0.9999881342416839
0.999988115920272
0.9999880975803584
0.999988079221934
0.999988060845021
0.9999880424495993
0.9999880240356724
0.9999880056032419
0.9999879871523036
0.9999879686828527
0.9999879501948911
0.999987931688407
0.9999879131633911
0.9999878946198411
0.9999878760577482
0.9999878574770962
0.9999878388778792
0.999987820260081
0.999987801623689
0.9999877829686946
0.9999877642950752
0.9999877456028082
0.9999877268918925
0.9999877081623016
0.9999876894140092
0.9999876706470057
0.9999876518612698
0.9999876330567736
0.999987614233493
0.9999875953914058
0.9999875765304951
0.9999875576507284
0.9999875387520846
0.9999875198345386
0.9999875008980577
0.9999874819426182
0.9999874629682044
0.9999874439747779
0.9999874249623206
0.9999874059307963
0.9999873868801782
0.9999873678104384
0.9999873487215708
0.9999873296135213
0.9999873104862769
0.9999872913398099
0.9999872721741084
0.9999872529891212
0.999987233784841
0.9999872145612392
0.9999871953182962
0.9999871760559823
0.9999871567742866
0.9999871374731736
0.9999871181526314
0.9999870927133778
0.9999870733532965
0.9999870539734891
0.9999870345739351
0.9999870151546038
0.9999869957154994
0.9999869762566026
0.9999869567778849
0.9999869372793487
0.9999869177609741
0.9999868982227572
0.9999868786646813
0.9999868590867383
0.9999868394889184
0.9999868198712271
0.9999868002336443
0.9999867805761684
0.9999867608988032
0.9999867412015364
0.99998672148437
0.9999867017473104
0.9999866819903508
0.9999866622134899
0.9999866424167332
0.9999866226000883
0.9999866027635607
0.9999865829071513
0.9999865630308666
0.9999865431347226
0.9999865232187167
0.9999865032828655
0.999986483327186
0.9999864633516696
0.999986443356357
0.9999864233412361
0.9999864033063438
0.9999863832516823
0.9999863631772732
0.9999863430831344
0.999986322969287
0.9999863028357546
0.9999862826825486
0.9999862625096962
0.9999862423172282
0.9999862221051625
0.9999862018735277
0.9999861816223538
0.9999861613516609
0.999986141061481
0.9999861207518504
0.9999861004227945
0.9999860800743542
0.9999860597065567
0.9999860336464329
0.9999860132432041
0.9999859928202504
0.9999859723775991
0.9999859519153104
0.9999859314334119
0.999985910931951
0.9999858904109871
0.999985869870563
0.9999858493107237
0.9999858287315239
0.9999858081330152
0.9999857875152578
0.9999857668782949
0.9999857462221957
0.9999857255470148
0.9999857048528135
0.9999856781085866
0.9999856573678997
0.9999856366081064
0.9999856158292665
0.9999855950314652
0.9999855742147623
0.9999855533792198
0.999985532524922
0.9999855116519375
0.9999854907603366
0.9999854698502065
0.999985448921606
0.999985427974627
0.9999854070093501
0.9999853860258425
0.9999853650242002
0.9999853440044939
0.9999853229668104
0.999985301911237
0.9999852808378564
0.9999852597467577
0.999985238638027
0.9999852175117515
0.9999851963680134
0.9999851752069207
0.9999851540285364
0.9999851328329722
0.9999851116203127
0.999985090390645
0.9999850691440637
0.9999850478806595
0.9999850266005273
0.999985005303752
0.9999849839904319
0.9999849626606551
0.9999849413145229
0.9999849199521129
0.9999848985735327
0.9999848771788565
0.9999848557681875
0.9999848246574576
0.9999848032151833
0.9999847817564632
0.9999847602813977
0.9999847387900659
0.9999847123235016
0.9999846907899463
0.9999846692402278
0.9999846476744412
0.9999846260926794
0.9999846044950172
0.9999845828815471
0.999984561252351
0.9999845396075175
0.9999845179471172
0.9999844962712464
0.9999844745799721
0.9999844528733887
0.9999844243485653
0.9999844026042233
0.9999843808445623
0.9999843590696366
0.9999843372795376
0.9999843154743271
0.9999842936540883
0.9999842718188752
0.9999842499687739
0.9999842281038337
0.9999842062241463
0.9999841843297534
0.999984162420732
0.9999841404971371
0.999984118559031
0.9999840966064661
0.9999840746395137
0.9999840526582126
0.9999840306626255
0.9999840086528051
0.9999839866288008
0.999983964590665
0.9999839425384396
0.9999839204721757
0.9999838983919104
0.9999838705057669
0.9999838483990314
0.9999838262779411
0.9999837962318011
0.9999837740780256
0.9999837519096296
0.9999837297266441
0.9999837075291015
0.9999836853170518
0.9999836630905196
0.9999836408495465
0.9999836185941526
0.9999835963243805
0.9999835740402584
0.9999835517418031
0.9999835234002269
0.9999835010645908
0.9999834787145413
0.9999834563501115
0.9999834339713202
0.9999834115781931
0.9999833891707498
0.9999833667490119
0.9999833443129845
0.9999833218627093
0.9999832993981821
0.999983276919437
0.9999832544264726
0.9999832319193197
0.9999832093979777
0.9999831868624693
0.9999831643128039
0.9999831417489871
0.9999831191710373
0.9999830965789616
0.9999830739727684
0.9999830513524695
0.9999830287180727
0.9999830060695841
0.9999829834070096
0.9999829607303602
0.9999829380396421
0.9999829153348608
0.9999828926160238
0.9999828698831363
0.9999828471361996
0.9999828243752251
0.9999828016002086
0.9999827788111656
0.9999827560080989
0.9999827331910051
0.9999827103598979
0.9999826875147758
0.99998265725933
0.9999826343802205
0.9999826114866119
0.9999825885785056
0.9999825656559079
