-0.2402999290276674
0.23069585911109822
-0.2305105193479225
0.2302365734792789
-0.23022596732483055
0.23020863169020692
-0.23020779716326262
0.23020636305727946
-0.2302062957881516
0.23020616940105681
-0.2302061640156801
0.23020615271374298
-0.23020615229886032
0.2302061512853987
-0.23020615123371085
0.23020615113188747
-0.23020615112625595
0.23020615110203327
-0.2302061510916305
0.23020615110120118
-0.23020615112491952
0.2302061511030628
-0.23020615108621115
0.2302061510773663
-0.230206151062602
0.2302061510704942
-0.23020615109276085
0.23020615106439693
-0.230206151028514
0.23020615102487368
-0.23020615105269351
0.23020615106635167
-0.23020615109675793
0.23020615108035863
-0.23020615107457912
0.2302061510685935
-0.2302061510641371
0.23020615107115366
-0.2302061510647312
0.23020615106214629
-0.23020615108623135
0.23020615113967421
-0.23020615112054463
0.23020615110801823
-0.23020615111743228
0.23020615110565756
-0.23020615110040765
0.23020615110812653
-0.23020615110069234
0.23020615111938028
-0.23020615109888756
0.23020615107820816
-0.23020615108528608
0.23020615108799156
-0.23020615106654255
0.2302061510420044
-0.23020615106124198
0.23020615104846284
-0.2302061510263894
0.23020615104978603
-0.23020615103926523
0.23020615100612815
-0.23020615103358136
0.2302061510582449
-0.23020615105244446
0.23020615103355996
-0.230206151040682
0.2302061510435809
-0.2302061510378751
0.23020615105842507
-0.23020615105607764
0.23020615105679407
-0.23020615106597406
0.23020615108602868
-0.23020615108787454
0.23020615109712209
-0.23020615110167833
0.23020615109338602
-0.23020615108047332
0.23020615108202114
-0.2302061511071964
0.23020615110264622
-0.23020615110310078
0.2302061510994051
-0.23020615107411455
0.2302061510688438
-0.2302061510678411
0.23020615108407572
-0.23020615107807452
0.23020615105656825
-0.23020615109358789
0.23020615110714404
-0.23020615107270262
0.23020615107597006
-0.23020615109472609
0.2302061510855335
-0.23020615110571124
0.23020615113179743
-0.2302061511147972
0.23020615108701806
-0.23020615108025214
0.23020615109332362
-0.23020615108011933
0.23020615106307896
-0.23020615107397444
0.23020615108668072
-0.23020615109502568
0.23020615107581194
-0.23020615107782427
0.2302061510986496
-0.23020615108646295
0.23020615109488315
-0.230206151093619
0.23020615109151202
-0.2302061511132965
0.2302061511109351
-0.23020615109091316
0.23020615108851017
-0.23020615108430964
0.23020615110696427
-0.23020615111307344
0.23020615109078207
-0.23020615107091602
0.23020615107703166
-0.23020615111625187
0.23020615108726086
-0.2302061510612582
0.230206151078361
-0.23020615110148046
0.23020615108074963
-0.23020615104465267
0.23020615107133327
-0.23020615110800985
0.2302061510860148
-0.23020615106640518
0.2302061510800771
-0.23020615109637327
0.23020615111273846
-0.2302061511183843
0.23020615108709597
-0.2302061510650528
0.23020615106539213
-0.23020615109100148
0.23020615108468573
-0.23020615104465797
0.23020615105425699
-0.230206151088219
0.23020615105986833
-0.23020615103893172
0.23020615106338974
-0.23020615107949452
0.230206151052859
-0.23020615103970166
0.23020615106715905
-0.2302061510604696
0.23020615105268147
-0.23020615107324616
0.23020615107659698
-0.23020615106838666
0.23020615107718487
-0.2302061510873354
0.23020615109472178
-0.2302061511107911
0.23020615113298679
-0.23020615109999698
0.23020615107738496
-0.23020615109835413
0.23020615113167622
-0.23020615110654982
0.23020615108288817
-0.230206151090564
0.23020615108342105
-0.23020615109961576
0.23020615110836037
-0.23020615110432407
0.2302061511063821
-0.2302061511039496
0.23020615110969084
-0.23020615112156442
0.23020615109929232
-0.23020615110069476
0.23020615110689296
-0.23020615109733764
0.23020615109624246
-0.23020615108182685
0.2302061510980126
-0.23020615111294046
0.23020615110801
-0.23020615110348092
0.23020615108392387
-0.23020615108244438
0.2302061510991126
-0.23020615108207348
0.2302061510667344
-0.23020615108711415
0.23020615109113632
-0.23020615109759582
0.23020615108809633
-0.23020615107642584
0.23020615107416575
-0.23020615109333686
0.23020615109978879
-0.230206151086146
0.2302061511118548
-0.2302061511344215
0.2302061511477231
-0.23020615112991383
0.2302061511087815
-0.23020615111122583
0.23020615111506804
-0.2302061511122774
0.23020615110700718
-0.23020615108822
0.23020615111205042
-0.23020615109278642
0.23020615105228956
-0.2302061510637726
0.2302061510764219
-0.23020615107887996
0.23020615104467745
-0.23020615103401687
0.23020615107622386
-0.2302061510983565
0.23020615108517267
-0.23020615107986642
0.230206151082013
-0.2302061510998295
0.2302061510924263
-0.23020615113700615
0.2302061511313847
-0.23020615109156642
0.23020615109150766
-0.2302061510758132
0.23020615109436757
-0.23020615107244063
0.2302061510869529
-0.2302061510916578
0.23020615106198147
-0.23020615105650638
0.23020615107395428
-0.23020615107080436
0.23020615107335188
-0.23020615108240322
0.23020615109863196
-0.23020615111692794
0.23020615107942588
-0.23020615110297812
0.23020615111411527
-0.23020615111961196
0.23020615109234815
-0.23020615108450576
0.23020615110190934
-0.2302061511016314
0.23020615106731868
-0.23020615105200212
0.23020615105072162
-0.2302061510070679
0.23020615099635913
-0.23020615099343442
0.23020615075071674
-0.23020615050270116
0.23020615055959176
-0.23020615063807146
0.2302061492590991
-0.23020614778794124
0.23020614810951845
-0.23020614831752323
0.2302061399735173
-0.23020613164478926
0.230206133540677
-0.23020613538179016
0.23020607723554715
-0.23020601914533217
0.23020603483773613
-0.23020605046093504
0.23020563318443016
-0.23020521608272282
0.23020533120943945
-0.23020544643912627
0.23020241693598675
-0.23019938743227814
0.23020023242209328
-0.2302010776758175
0.23017865754808262
-0.23015623946489752
0.23016257467991474
-0.23016890999554718
0.22999786679643827
-0.22982695066637018
0.22987631390724997
-0.22992568765813146
0.22854868523523544
-0.2271799295484555
0.22759342414615066
-0.22800767114949125
0.21549501243254393
-0.20366902634475104
0.20778270792318532
-0.21197947732273809
