-0.11119768762572889
0.012979922755428015
-0.017220201504047353
0.0043214748907946035
-0.005992632566769107
0.0022486753804482383
-0.003888427401801667
0.0014133430573616415
-0.0019679018511134182
0.0009850994407731742
-0.0017947534266928018
0.0007333600518669977
-0.000969284322753021
0.0005712471523191038
-0.0010669922044896762
0.00045953930125384394
-0.000573289772381018
0.00037957470574642623
-0.0007234603594636898
0.00031969637478381955
-0.00037657770549126687
0.00027389363669612664
-0.0005308146464318709
0.00023759450480870592
-0.00026510179943662216
0.000208814921825975
-0.00041048642490018334
0.00018499090405919814
-0.0001950475069141813
0.00016564421307523275
-0.00032951396699720483
0.00014902638958278055
-0.00014826740935232048
0.00013520880516472775
-0.00027229291611471847
0.00012307514642627865
-0.0001153318389141344
0.00011279544751190632
-0.000230353051413214
0.00010366845524923718
-9.148146931649707e-5
9.568691655933883e-5
-0.0001986125453871138
8.872114287768986e-5
-7.37142545494568e-5
8.231233264731198e-5
-0.00017403051720918023
7.692631561714994e-5
-6.0203038839163845e-5
7.166155230521795e-5
-0.00015451945135557275
6.747769763276852e-5
-4.9801069901760656e-5
6.305013798283e-5
-0.00013867393182692236
5.977694938786815e-5
-4.1652304799849694e-5
5.594694982756376e-5
-0.0001255086782122732
5.339251968987976e-5
-3.5185418482976905e-5
5.00111782106853e-5
-0.00011446480404194768
4.803920224900313e-5
-3.0015591580399776e-5
4.50611495202005e-5
-0.00010502545711315648
4.347314661218407e-5
-2.5843251059818222e-5
4.0909319901267095e-5
-9.689744976009376e-5
3.9536659594494185e-5
-2.2428356593885465e-5
3.7352168084031113e-5
-8.978475122963234e-5
3.612864299733427e-5
-1.961816976808165e-5
3.427406451548844e-5
-8.34882340856412e-5
3.313160337750063e-5
-1.725989246875397e-5
3.1551170957595794e-5
-7.789523978983688e-5
3.0489519621879747e-5
-1.5301943345048284e-5
2.9226855430305063e-5
-7.28404465992892e-5
2.810336180297042e-5
-1.3644452948974526e-5
2.717138700859849e-5
-6.822679876420313e-5
2.5960548916808355e-5
-1.2233327552943466e-5
2.531906156736676e-5
-6.402675240460195e-5
2.405186192309042e-5
-1.1033367200147768e-5
2.3647780042903973e-5
-6.015576571767959e-5
2.2350116521569707e-5
-1.0007771670351087e-5
2.2126710278079192e-5
-5.660961328200335e-5
2.0816155265147065e-5
-9.129359810535684e-6
2.077494752420303e-5
-5.3321866785973306e-5
1.943815880144491e-5
-8.361775513506431e-6
1.9507124022359322e-5
-5.0257923997086076e-5
1.8173042621264696e-5
-7.676868140903534e-6
1.8303099466309007e-5
-4.738058312997925e-5
1.7036323212603933e-5
-7.087431349677345e-6
1.721713538551885e-5
-4.4653323981438046e-5
1.599157783858443e-5
-6.572254167051526e-6
1.6219863393461863e-5
-4.208757305311429e-5
1.5023765222717787e-5
-6.107338494332357e-6
1.5284014501056414e-5
-3.969736291318367e-5
1.4140527451034936e-5
-5.68574481188312e-6
1.4393325859442156e-5
-3.749343898933714e-5
1.3307250634127562e-5
-5.293570122277893e-6
1.355194044057906e-5
-3.540133440276883e-5
1.255217104763932e-5
-4.947114200083974e-6
1.277677911536201e-5
-3.3453206663142606e-5
1.1855199236575264e-5
-4.635530855123682e-6
1.2063405157494764e-5
-3.1635692374130005e-5
1.1205486581101326e-5
-4.345743091899575e-6
1.1380608061150715e-5
-2.992918548498764e-5
1.060664627628836e-5
-4.08415251264387e-6
1.0751840313689059e-5
-2.8339823913135197e-5
1.0046385254255831e-5
-3.844977241275734e-6
1.0171386580702564e-5
-2.684741932201088e-5
9.515223854880846e-6
-3.6220166717751984e-6
9.626636700616953e-6
-2.545601806900554e-5
9.028943285086174e-6
-3.4198369340684367e-6
9.119530967419087e-6
-2.414038792081869e-5
8.570028361835344e-6
-3.2320403571946595e-6
8.643043945142752e-6
-2.289691584094733e-5
8.145368471285299e-6
-3.0599016069150436e-6
8.19656672249554e-6
-2.1746987984906487e-5
7.712904090817104e-6
-2.8864081022309994e-6
7.77888583937124e-6
-2.0672644855040458e-5
7.344640999349946e-6
-2.737312078795777e-6
7.376614861737879e-6
-1.965061602886444e-5
6.977434369018645e-6
-2.588401500844706e-6
6.996440339817326e-6
-1.8692856616017618e-5
6.631224070706804e-6
-2.447102399580681e-6
6.6417281340885286e-6
-1.7810702981239566e-5
6.313873977479273e-6
-2.3193578342630744e-6
6.3120292826738825e-6
-1.697539778667221e-5
6.011017801205638e-6
-2.1991273621762627e-6
6.002578883469438e-6
-1.618860166924052e-5
5.7271629485997415e-6
-2.086549554304458e-6
5.711129357660799e-6
-1.5448052512023886e-5
5.45905070798044e-6
-1.980779795565176e-6
5.437212673803475e-6
-1.4756294840255359e-5
5.209526397903947e-6
-1.8810307432200777e-6
5.176349372554828e-6
-1.4102112775720652e-5
4.974057193676392e-6
-1.7880415607949638e-6
4.933590934239204e-6
-1.3491445864214535e-5
4.749214119444644e-6
-1.6990575313892529e-6
4.7015980038899365e-6
-1.2912355549079308e-5
4.53551452483351e-6
-1.613523344836057e-6
4.478244556602369e-6
-1.2364452755873027e-5
4.3333322395953035e-6
-1.5318284089446808e-6
4.262829599685799e-6
-1.1837581297168277e-5
4.139554409166586e-6
-1.454161406371725e-6
4.057023433199379e-6
-1.1334500542837603e-5
3.959776934556312e-6
-1.381702933459641e-6
3.873827741971417e-6
-1.0890392732844581e-5
3.7844868893251333e-6
-1.3108433764980687e-6
3.6843575562334677e-6
-1.0428834322550448e-5
3.6169223853460467e-6
-1.2442360253622728e-6
3.517033587799547e-6
-1.0022216891689833e-5
3.428441070904782e-6
-1.1718127024975256e-6
3.353159871419763e-6
-9.614470765924891e-6
3.2771405886231556e-6
-1.1117618216034413e-6
3.1986071511732046e-6
-9.239596330398377e-6
3.118782459423341e-6
-1.0483905525329271e-6
3.048634755618671e-6
-8.889209568586776e-6
2.9666007832688225e-6
-9.866364336427901e-7
2.900625045982233e-6
-8.548213943072056e-6
2.8109483494505593e-6
-9.234284269291761e-7
2.7506223878856453e-6
-8.205794473304864e-6
2.6707606859404453e-6
-8.652002785978753e-7
2.6098324760562676e-6
-7.890922754846062e-6
2.5324266189503636e-6
-8.075168631800167e-7
2.473920352203595e-6
-7.5975322308691514e-6
2.388661239577441e-6
-7.476318913699915e-7
2.3270571804047808e-6
-7.279011833298885e-6
2.236384469950829e-6
-6.84735326848064e-7
2.1834685520358145e-6
-6.976483907249669e-6
2.0857803142095762e-6
-6.211867709606648e-7
2.0354279935882075e-6
-6.679595090580866e-6
1.9237221062025525e-6
-5.527338503413454e-7
1.874984609468028e-6
-6.367483313460779e-6
1.7465929514340208e-6
-4.790404245092387e-7
1.7015493043243393e-6
-6.03545385652716e-6
1.5452834774307594e-6
-3.9618954472419924e-7
1.4985298171293076e-6
-5.655789979848511e-6
1.3044849604385761e-6
-3.0056084911547166e-7
1.2480744293812938e-6
-5.182706460509058e-6
9.48091565656988e-7
-1.751086378794045e-7
8.838181360124921e-7
-4.424089241862652e-6
