-0.11122769666766441
0.012979169805894513
-0.01720675436698663
0.004321691929317875
-0.005997171072804506
0.0022477986767757085
-0.0038805422732532797
0.0014116962411321783
-0.0019689123125001
0.0009838726848192148
-0.0017886127482218985
0.0007322609307244333
-0.0009685096298828476
0.0005697793944298522
-0.0010621524302899283
0.0004581015465756376
-0.000572562909323057
0.00037767396388199833
-0.0007188596732231272
0.00031777566090797056
-0.00037586803125510626
0.00027173990074049576
-0.0005260987168965125
0.00023583303733160107
-0.00026321173368515604
0.00020683338573680785
-0.0004055375784135073
0.00018335047794438005
-0.00019230671167022855
0.00016373700210395412
-0.0003247788330650928
0.00014724975664003886
-0.00014467435103541763
0.00013329749402688003
-0.00026793650764632464
0.0001209910246778167
-0.00011122093799417794
0.00011074162846384882
-0.0002263726431381749
0.0001012824988459681
-8.70621781567855e-5
9.353493763814546e-5
-0.00019504964924341734
8.597549079150642e-5
-6.911664589016672e-5
8.009012519780102e-5
-0.0001707468999290023
7.388455046114524e-5
-5.560034610402549e-5
6.936276051431574e-5
-0.00015158899405772635
6.421313569077985e-5
-4.5263924140646674e-5
6.0636469529580336e-5
-0.0001358580853038366
5.6349088528613495e-5
-3.7274268741759575e-5
5.351092425012062e-5
-0.00012292627205761372
4.9869310921529144e-5
-3.106312078275097e-5
4.764363033392498e-5
-0.00011197105316368933
4.448039802278593e-5
-2.6185818534909948e-5
4.268854163321748e-5
-0.00010245486946746958
3.9981388194386184e-5
-2.2346928896512117e-5
3.849373992315415e-5
-9.414700814326685e-5
3.6158467515181985e-5
-1.9298923217517687e-5
3.49635643747135e-5
-8.686375734934335e-5
3.28962504508143e-5
-1.684571090006835e-5
3.192090613414574e-5
-8.03105634520418e-5
3.0073662824127115e-5
-1.4857778009194646e-5
2.9261893478450188e-5
-7.446622188063285e-5
2.7630191556451377e-5
-1.325679609338134e-5
2.7016540113115267e-5
-6.9154062802593e-5
2.547521716744812e-5
-1.1924600716444666e-5
2.499360603132885e-5
-6.43385451275083e-5
2.3557357957346908e-5
-1.0821005666554875e-5
2.3228291374274946e-5
-5.994901789671782e-5
2.184141279217105e-5
-9.887565583957954e-6
2.1654427290847415e-5
-5.601593988786665e-5
2.0316210950925168e-5
-9.087773954293037e-6
2.0246907634810204e-5
-5.2464583849245566e-5
1.8940908421550993e-5
-8.405311109680078e-6
1.8970337674610397e-5
-4.911263926378906e-5
1.7666559572458946e-5
-7.805340661486825e-6
1.7817239333544227e-5
-4.603604928940124e-5
1.6516775837578348e-5
-7.287657309406059e-6
1.6753102314334177e-5
-4.3177900736755375e-5
1.5485141446621504e-5
-6.831956624856933e-6
1.575546090802455e-5
-4.0444875931836024e-5
1.4524740292266765e-5
-6.430889854498796e-6
1.4842418956234642e-5
-3.795949257022262e-5
1.3649130155145107e-5
-6.08332262023357e-6
1.4027296900748324e-5
-3.561247763771477e-5
1.2843848036913313e-5
-5.753989053490878e-6
1.3187160340423155e-5
-3.347946520555868e-5
1.212031009572096e-5
-5.473234675609941e-6
1.2489981157360616e-5
-3.139728812225818e-5
1.1418597877000447e-5
-5.215685233471582e-6
1.1822967546031632e-5
-2.950390376899394e-5
1.0784811631250937e-5
-4.971695702762581e-6
1.118744024555182e-5
-2.772227321492522e-5
1.0195236511381856e-5
-4.742839627836814e-6
1.0569803122474328e-5
-2.608939371578352e-5
9.658563074071574e-6
-4.5359049066469035e-6
9.99582026149683e-6
-2.459527783591757e-5
9.168231609038845e-6
-4.3456932256319874e-6
9.46924199478928e-6
-2.3186165870243618e-5
8.712655834014514e-6
-4.1695040617919104e-6
8.964053450511875e-6
-2.186234665620542e-5
8.289925654757708e-6
-4.005286960906727e-6
8.496513230864789e-6
-2.0629551477920352e-5
7.888976411183384e-6
-3.852163546225115e-6
8.058815888825813e-6
-1.948042098007436e-5
7.509197923227807e-6
-3.703322304025322e-6
7.648925292557722e-6
-1.8413459868521543e-5
7.152061618918267e-6
-3.558330318584039e-6
7.25731574762726e-6
-1.739450207834377e-5
6.7985199471232355e-6
-3.4275412582615334e-6
6.894222272395144e-6
-1.6454673217135815e-5
6.474493444709471e-6
-3.298897505881739e-6
6.560886383628321e-6
-1.5554934329173895e-5
6.1631601305575e-6
-3.186205221128025e-6
6.25854338853801e-6
-1.471139536743575e-5
5.875135044225135e-6
-3.0751337428450714e-6
5.961363366625212e-6
-1.3905324833533207e-5
5.5934355147992175e-6
-2.9626905421903823e-6
5.678458336580645e-6
-1.3151587459865672e-5
5.333327370294252e-6
-2.8601884036550145e-6
5.413650703282077e-6
-1.2440373570050107e-5
5.082984299303198e-6
-2.7601921008157897e-6
5.16799911299294e-6
-1.1775727207584884e-5
4.851209090656093e-6
-2.666384509730547e-6
4.936036700427449e-6
-1.1144978494993815e-5
4.631191421219351e-6
-2.5800836858389015e-6
4.714325556613135e-6
-1.0550583185676546e-5
4.4209549528881705e-6
-2.4900834123395256e-6
4.513170485407994e-6
-1.0000136147439467e-5
4.230344318620486e-6
-2.412365263303403e-6
4.315177078815381e-6
-9.472375392528836e-6
4.040077554271195e-6
-2.328980809932344e-6
4.130594155144587e-6
-8.976692628058176e-6
3.8676237154098926e-6
-2.2547297380460954e-6
3.958897323138194e-6
-8.515462620721037e-6
3.7032109554339697e-6
-2.178525598646197e-6
3.7955880094847215e-6
-8.07910442619349e-6
3.5474074944251534e-6
-2.1023563895776558e-6
3.63825680083581e-6
-7.66503437832688e-6
3.3986615188795697e-6
-2.0304272344996444e-6
3.489840549730756e-6
-7.279858539197811e-6
3.2550186890654325e-6
-1.9572981410866813e-6
3.348585656117441e-6
-6.920819645489984e-6
3.119965366192693e-6
-1.885163330721208e-6
3.213143980272425e-6
-6.581135056040962e-6
2.9929242799260262e-6
-1.8161868409199976e-6
3.0892665470405154e-6
-6.262692113525063e-6
2.8644807181733686e-6
-1.7417608228255217e-6
2.9634733918318865e-6
-5.962321260764298e-6
2.746490149079728e-6
-1.67412919263397e-6
2.846199928372601e-6
-5.677572648438544e-6
2.631093545807693e-6
-1.6079630345749912e-6
2.7417051079162406e-6
-5.417073212279038e-6
2.520329124138651e-6
-1.5406415019653762e-6
2.6414284268246457e-6
-5.173344612273439e-6
2.414833791368529e-6
-1.4763851226275595e-6
2.5415781007914732e-6
-4.9407137804157775e-6
2.316397424593859e-6
-1.4155394916025672e-6
2.449375321538524e-6
-4.7290965942745915e-6
2.220510998618828e-6
-1.3517147575681725e-6
2.358494685593352e-6
-4.529106429164675e-6
2.127134657641876e-6
-1.2909613469866837e-6
2.2762028314462908e-6
-4.342701144249037e-6
2.0370422538744137e-6
-1.229048102740918e-6
2.193901165717997e-6
-4.167805436953833e-6
1.945415494430558e-6
-1.168689342967945e-6
2.1159354529667346e-6
-4.012756369007564e-6
1.8655840667089498e-6
-1.1096305375250908e-6
2.036265603544399e-6
-3.858570370301086e-6
1.7862040641539716e-6
-1.0570346570717537e-6
1.9662872437952633e-6
-3.715760915380986e-6
1.7095090524485255e-6
-1.0049147126514745e-6
1.899242231207132e-6
-3.583554391676763e-6
1.6367861118425598e-6
-9.534371688920528e-7
1.8318657982207588e-6
-3.4587111066321105e-6
1.5650479483936094e-6
-9.027638356129612e-7
1.769302282223264e-6
-3.3428512127621626e-6
1.498497690256777e-6
-8.563243312629069e-7
1.7108158715728806e-6
-3.2333211532838073e-6
1.430966606116998e-6
-8.093838628857418e-7
1.6543926257366212e-6
-3.131389369333866e-6
1.3680371824487668e-6
-7.653317014981299e-7
1.5987084831694703e-6
-3.0327539760289147e-6
1.3095518693899322e-6
-7.253639223500574e-7
1.5476752350709704e-6
-2.942883936815986e-6
1.2537906515374795e-6
-6.87223096078502e-7
1.4991073025891542e-6
-2.8589021968810796e-6
1.201903469089814e-6
-6.525852206193297e-7
1.4561241425540074e-6
-2.7803827346496153e-6
1.1514619794572832e-6
-6.175720837505334e-7
1.4092174290030773e-6
-2.7032577844842167e-6
1.1047488660110248e-6
-5.865225145422114e-7
1.3669228942256829e-6
-2.635296645160182e-6
1.0672914928225069e-6
-5.620128890797317e-7
1.3304738505644875e-6
-2.5758507234281627e-6
1.0362075068026627e-6
-5.38470563162919e-7
1.2871794905296923e-6
-2.512956344833328e-6
1.0043595074252387e-6
-5.17900854303472e-7
1.2496092303700986e-6
-2.4533869028883358e-6
9.83930772093992e-7
-5.028936807060103e-7
1.2130525490759198e-6
-2.399194323305345e-6
9.674740767358383e-7
-4.89779870141768e-7
1.1742941989245276e-6
-2.3431009088626e-6
9.495958294561055e-7
-4.762026801813971e-7
1.1388069956829951e-6
-2.290715465428784e-6
9.150629443122359e-7
-4.5331616627510365e-7
1.1023437848154e-6
-2.2360511298863274e-6
8.648937299995549e-7
-4.2271751607524194e-7
1.0684195905996738e-6
-2.184444874316812e-6
8.423212206184358e-7
-4.072022161979252e-7
1.0260797300302174e-6
-2.120625574178076e-6
8.126148915881e-7
-3.878922151981319e-7
9.879039115495704e-7
-2.063707153854437e-6
7.756690360876683e-7
-3.6520231765609986e-7
9.60472024211964e-7
-2.0276082817061647e-6
7.519406354767741e-7
-3.48593464630971e-7
9.226625367262989e-7
-1.9723807979876566e-6
7.201353503253786e-7
-3.28945574853418e-7
8.860600722792337e-7
-1.917099742191362e-6
6.911982856656333e-7
-3.113849808278661e-7
8.47251108771638e-7
-1.8564494173546774e-6
6.706537742595968e-7
-2.988797855768647e-7
8.175508474310318e-7
-1.8139205001265772e-6
6.513296531796364e-7
-2.863153072261535e-7
7.863368729631445e-7
-1.7636099951967665e-6
6.355750154972701e-7
-2.7682406710677226e-7
7.573314761800595e-7
-1.715713773294024e-6
6.199466000578843e-7
-2.675252172329994e-7
7.296112896763876e-7
-1.665804675930873e-6
6.063761522134027e-7
-2.592619559206754e-7
7.023741151355966e-7
-1.6191228128321782e-6
5.923528928262979e-7
-2.504884058458298e-7
6.745499173249543e-7
-1.5730473933416767e-6
5.778575013091264e-7
-2.416125927464053e-7
6.492290026065811e-7
-1.5309945388087256e-6
5.58271028661646e-7
-2.3070667434417253e-7
6.264927525251695e-7
-1.494313161487669e-6
5.270525279023396e-7
-2.1501051843939124e-7
6.014909055902777e-7
-1.4520037916108902e-6
4.949341561336174e-7
-1.9913110583588178e-7
5.755633885278169e-7
-1.406189974263098e-6
5.139561348421191e-7
-2.04381623837989e-7
5.577500259569909e-7
-1.382120056474928e-6
4.4206997116752214e-7
-1.7226785438243153e-7
5.302430316419523e-7
-1.3350108233276174e-6
4.085055486581306e-7
-1.5628975066316274e-7
5.0190684655572e-7
-1.2860952344831354e-6
4.497598605010533e-7
-1.6912284025150078e-7
4.7614185994315223e-7
-1.24334862360982e-6
4.0913948021003695e-7
-1.499134149147551e-7
4.4854777417047814e-7
-1.20201713392986e-6
4.037556567806321e-7
-1.4305958369124626e-7
4.270742726801591e-7
-1.1870153608947955e-6
3.9300956857512417e-7
-1.3623552921548178e-7
4.0763769874045146e-7
-1.1544213201724489e-6
3.914422932533215e-7
-1.3207241651708978e-7
3.74467909453805e-7
-1.096389033104376e-6
4.114297160294297e-7
-1.333660672159535e-7
3.554268782338252e-7
-1.0775102025934537e-6
3.302211643971748e-7
-1.034575092125847e-7
3.4164500818284026e-7
-1.068911279977997e-6
2.3937357050793303e-7
-7.153229142070475e-8
2.927346335483916e-7
-9.575148955286367e-7
2.9430362731527573e-7
-8.330072614683945e-8
2.7867633560119084e-7
-9.612401763485209e-7
2.2030504337605212e-7
-5.746343970335266e-8
2.323476178002319e-7
-8.631777133334008e-7
2.0224053658670182e-7
-4.714297928630316e-8
1.976181527592433e-7
-8.132432596122308e-7
1.488979103941996e-7
-2.7646201761020295e-8
1.3948711952343552e-7
-6.964319340540024e-7
