0.9420754725127777
0.8672818943159342
0.677369952893609
0.4494438858432627
0.25327829246449907
0.1205927261268226
0.045142804562466145
0.0036428917574780747
-0.019671981350574484
-0.02065863920766277
0.021515125172322288
0.1299554298677833
0.31024123195401304
0.5356452881827385
0.7463832414094375
0.8689677861358431
0.8563820860973456
0.7232916885721341
0.5371527388781575
0.37030256411023754
0.2584267499654552
0.19282641949189733
0.14318366976999647
0.09004821974512023
0.041934447704750695
0.0283704668226998
0.07944202244667031
0.20495817083122364
0.38367252682673836
0.5672701324088643
0.6955545867615358
0.7228217577126936
0.6485584010739396
0.5228118680114725
0.4110687977924505
0.34992728532653344
0.3298534673528483
0.31247046924609717
0.2671983399314695
0.19774943349497348
0.13846029930006523
0.12882916196558988
0.1873569915797832
0.29973867837989165
0.42651835218327533
0.5214283765466952
0.549922403008041
0.5077534706658959
0.42939347127194294
0.36783562775412315
0.3567624911728293
0.3881746931304554
0.42090810101475756
0.41346431093360286
0.3573772968177642
0.28306683465633686
0.2356366989003295
0.2432106720052661
0.299950855530565
0.3726249464382468
0.42309306096469024
0.42791036592167087
0.38770875428161067
0.32925695986625575
0.29352068133263587
0.30880618160538886
0.3696411223499747
0.43866581259394843
0.4708441761880455
0.445952492396654
0.38368663394814756
0.32744134975691735
0.31189330274950977
0.33991199687378465
0.3836764405423603
0.4072389428492411
0.3911013051260017
0.34101535080285983
0.28289107054160995
0.2504545647055463
0.26664602386357034
0.3279077212675504
0.4039616745135495
0.4542349231897295
0.4535492439372979
0.41058382146707506
0.3614250052498531
0.3422765387697822
0.363419663674756
0.4032203359228856
0.4259653906996571
0.4091236968895068
0.3575970447291521
0.29757633076936846
0.2604338907433026
0.2660550889224828
0.3117989995194958
0.3736360761653716
0.41879194021370675
0.42406357996916644
0.3916398732616275
0.34916309215596963
0.3302553623347919
0.35016284945234233
0.39455809278989096
0.43001786055879865
0.4291784376401053
0.39040209184039265
0.33670183957999206
0.29874335453559586
0.2962625403351312
0.327678711457071
0.3725947503617457
0.4042865861585988
0.4040817341278925
0.3724027323250935
0.33048244714157937
0.30758900633274644
0.3211003681167776
0.3638342259425996
0.4079269146425186
0.4242432419990423
0.4035308001140027
0.36206218775647936
0.3284213909680018
0.32374548016091464
0.3489793359286315
0.38601410647684586
0.4105860623079025
0.4066345082437053
0.37458300312658244
0.3317697486778426
0.3032663008862129
0.3063806905720955
0.33915889758317685
0.3806937835950789
0.40429600997019643
0.39607341598642615
0.3648649238054325
0.33515764952132526
0.32920586982609895
0.3519521934624164
0.3885051612405219
0.4152781972559997
0.41561299563440557
0.38874117406141195
0.3493050742775957
0.31916451012257907
0.3146196959939932
0.3364958442857395
0.3695087695298313
0.3914064438747859
0.3874319491290262
0.3609006548236626
0.3312657170090118
0.3204642694901242
0.3376325872170726
0.37285133631550815
0.4042788733634236
0.4133739961609142
0.3962660675417128
0.3645952337947166
0.33779278249580014
0.3313546481684115
0.34750526904962165
0.3742566399087782
0.392976639599836
0.3898545894925878
0.3651716568005859
0.3338691330648952
0.31609104573471036
0.32383380466330797
0.3526313893522156
0.38440230491380134
0.3999564839284977
0.391788298604906
0.3678392702018949
0.3453225003361983
0.33955984779782045
0.35425969584903727
0.3795006342862939
0.39844915828088795
0.3978936410565966
0.3764580947273266
0.34579900999133695
0.3236666446121575
0.3228773394544908
0.34308232452902715
0.3707350574388075
0.38796907985528695
0.3847428868682016
0.36517673378397325
0.3440441719640629
0.3367900132399428
0.3493127538658479
0.37407252291675763
0.3953661493226423
0.3996196392574264
0.38379945880359156
0.3571476060820775
0.335397700059181
