-0.24029992904664815
0.2306958590854745
-0.23051051930064062
0.23023657352561114
-0.2302259679032266
0.23020863206070985
-0.23020779723633217
0.23020636304588274
-0.23020629574326548
0.23020616939436966
-0.23020616398282834
0.2302061526506909
-0.23020615222349042
0.23020615122416327
-0.2302061511874474
0.23020615108649303
-0.23020615110258444
0.2302061511012271
-0.23020615108566464
0.23020615107400647
-0.23020615108243314
0.23020615107375078
-0.23020615106429207
0.23020615107126943
-0.23020615108072648
0.23020615107584502
-0.23020615107772555
0.23020615108554762
-0.2302061510976456
0.23020615109906115
-0.23020615109475168
0.23020615107997536
-0.2302061510794149
0.23020615110918305
-0.23020615111694664
0.23020615112863677
-0.23020615112882997
0.23020615113606396
-0.2302061511326288
0.23020615110679163
-0.23020615112045592
0.2302061511252746
-0.23020615110259657
0.2302061510954482
-0.23020615110792386
0.23020615111672244
-0.23020615112538562
0.23020615110586198
-0.23020615108044237
0.23020615106098538
-0.23020615106274958
0.2302061510736003
-0.23020615105443545
0.23020615104261488
-0.23020615104352243
0.23020615105192185
-0.23020615107591086
0.23020615107178197
-0.23020615105529493
0.230206151062564
-0.23020615105938785
0.23020615105925532
-0.2302061510675914
0.2302061510758443
-0.2302061510832968
0.23020615107478498
-0.23020615107857062
0.23020615109582873
-0.23020615106147438
0.23020615104798403
-0.23020615106611944
0.2302061510441833
-0.23020615102896475
0.23020615104861153
-0.23020615107061232
0.23020615107319836
-0.23020615105341422
0.23020615104689168
-0.2302061510324024
0.23020615103034198
-0.23020615105067077
0.23020615104839928
-0.23020615103877579
0.23020615106010076
-0.23020615107303832
0.2302061510818065
-0.23020615106462688
0.23020615104385422
-0.23020615107030834
0.2302061510933649
-0.23020615108545475
0.23020615107729664
-0.23020615110447865
0.23020615111747125
-0.23020615108882778
0.23020615109751666
-0.23020615112362
0.23020615110953652
-0.23020615110347936
0.2302061510784777
-0.23020615102802028
0.230206151042321
-0.23020615109933976
0.2302061510982292
-0.2302061510600813
0.23020615104878925
-0.23020615108873563
0.2302061510820825
-0.23020615106576314
0.2302061510555762
-0.23020615108496362
0.23020615109262413
-0.23020615107427392
0.2302061510877481
-0.2302061511006129
0.23020615110860773
-0.23020615106957598
0.23020615106539477
-0.2302061510613965
0.23020615107221057
-0.23020615110014359
0.23020615109984632
-0.23020615104594022
0.23020615106795203
-0.23020615109820453
0.2302061510949707
-0.23020615107109993
0.23020615106515482
-0.23020615108118314
0.23020615106741452
-0.23020615108578737
0.23020615107174627
-0.23020615105677958
0.2302061510670974
-0.2302061510783518
0.23020615107655512
-0.23020615110497952
0.23020615109351186
-0.23020615108657067
0.23020615109789497
-0.23020615110820228
0.23020615111122736
-0.23020615111565867
0.2302061511237173
-0.23020615109582657
0.23020615108677853
-0.2302061510937275
0.23020615112542314
-0.23020615112470064
0.23020615109620332
-0.2302061510875125
0.23020615108594425
-0.23020615107194523
0.23020615107175896
-0.2302061510542047
0.23020615104216943
-0.23020615107748565
0.23020615106740702
-0.2302061510475041
0.2302061510712065
-0.23020615105433007
0.23020615104819075
-0.2302061510504489
0.23020615102279074
-0.23020615102796918
0.2302061510557891
-0.23020615106151934
0.23020615106711959
-0.2302061510555659
0.23020615107013584
-0.23020615109169287
0.23020615107632916
-0.23020615104864767
0.23020615102782435
-0.23020615106933476
0.23020615106832776
-0.23020615104579603
0.23020615106255535
-0.230206151040105
0.23020615099752495
-0.23020615099491618
0.23020615100981226
-0.2302061510187198
0.23020615098974462
-0.23020615100732708
0.23020615100904906
-0.23020615101062536
0.23020615104277534
-0.23020615104619435
0.23020615102456127
-0.2302061510282831
0.2302061510504452
-0.23020615110283008
0.230206151100078
-0.2302061510924527
0.2302061511045774
-0.23020615109422554
0.2302061511255702
-0.23020615113992993
0.2302061511294266
-0.23020615109667336
0.23020615110398
-0.23020615110854586
0.23020615109528791
-0.23020615107622566
0.23020615107699824
-0.23020615108704318
0.23020615109680556
-0.23020615111602433
0.23020615110148315
-0.23020615108193826
0.2302061510806919
-0.23020615110574155
0.23020615109530312
-0.23020615106191686
0.23020615109192857
-0.23020615111493448
0.23020615109168985
-0.23020615107952228
0.23020615110879913
-0.23020615109115908
0.2302061510686397
-0.23020615104615702
0.230206151039158
-0.23020615105226405
0.230206151070988
-0.2302061510868649
0.23020615108363945
-0.2302061510634453
0.23020615106743786
-0.23020615107628642
0.2302061510777387
-0.2302061510764618
0.23020615107338036
-0.23020615108295003
0.2302061510661595
-0.23020615108310596
0.23020615109905515
-0.23020615108998174
0.2302061510572784
-0.23020615104629738
0.23020615106012088
-0.23020615107404366
0.23020615105063824
-0.230206151037789
0.2302061510360925
-0.23020615105571396
0.23020615106666145
-0.2302061510816048
0.23020615108822692
-0.23020615109464607
0.23020615110668893
-0.23020615109927342
0.23020615109313625
-0.2302061510929449
0.2302061510998331
-0.23020615110981538
0.23020615112080225
-0.23020615113548581
0.23020615114103965
-0.23020615112393372
0.2302061511317472
-0.23020615113521609
0.23020615112756457
-0.23020615110746856
0.23020615107138082
-0.23020615108125964
0.23020615110358883
-0.23020615110015485
0.23020615109306156
-0.23020615107122167
0.23020615103195755
-0.23020615104621492
0.230206151066354
-0.23020615103438893
0.2302061510056796
-0.23020615104767223
0.23020615107042317
-0.2302061510462051
0.2302061510524221
-0.23020615105069958
0.23020615104473688
-0.23020615104185835
0.2302061510696913
-0.23020615105900338
0.23020615106547768
-0.23020615107945694
0.23020615107807305
-0.23020615107612336
0.2302061510883754
-0.23020615108186882
0.23020615109171358
-0.23020615107737338
0.2302061510787474
-0.23020615107905035
0.23020615104323408
-0.23020615101325612
0.23020615100865086
-0.23020615103239525
0.2302061510281588
-0.2302061510200044
0.23020615102967787
-0.2302061510268978
0.23020615099991426
-0.2302061510079843
0.2302061510216684
-0.23020615102312036
0.23020615101290898
-0.2302061510270922
0.2302061510250724
-0.23020615104526018
0.23020615107467943
-0.23020615107858963
0.23020615107010758
-0.23020615105226183
0.23020615106430076
-0.23020615107201167
0.2302061510448235
-0.23020615106134215
0.230206151091387
-0.23020615110052717
0.23020615108008619
-0.23020615107663456
0.23020615108375378
-0.2302061510713028
0.23020615107031642
-0.23020615109547438
0.2302061510996611
-0.2302061510741313
0.23020615108245426
-0.23020615110848697
0.23020615109374815
-0.23020615107227488
0.2302061510835766
-0.2302061510715398
0.2302061510742044
-0.23020615105842876
0.2302061510739084
-0.23020615108902687
0.2302061510764931
-0.23020615108034978
0.2302061510981116
-0.2302061510678039
0.2302061510470725
-0.23020615103876854
0.23020615104796963
-0.23020615105144074
0.23020615106186232
-0.2302061510992374
0.23020615109474238
-0.2302061510753325
0.23020615108847733
-0.23020615109372392
0.23020615108451267
-0.2302061510945401
0.2302061511009002
-0.23020615111483617
0.23020615110350326
-0.230206151081397
0.23020615107630352
-0.23020615109613562
0.2302061511092422
-0.23020615108375353
0.23020615110195808
-0.23020615111804454
0.2302061510924957
-0.23020615110545672
0.2302061511317983
-0.2302061511015348
0.23020615108738027
-0.2302061511016835
0.2302061511036809
-0.2302061511000617
0.23020615108302425
-0.2302061510611581
0.23020615107286033
-0.2302061510716684
0.23020615107732073
-0.23020615110288511
0.23020615109335318
-0.23020615109272569
0.23020615110759138
-0.2302061511216622
0.23020615109666642
-0.23020615109662473
0.23020615109196657
-0.23020615107523554
0.23020615108259074
-0.23020615109330453
0.23020615104701378
-0.23020615106322923
0.23020615105913061
-0.23020615104297482
0.23020615105892725
-0.23020615104220907
0.23020615103961226
-0.2302061510485238
0.2302061510659528
-0.23020615105961928
0.23020615106999082
-0.23020615108164874
0.2302061510693591
-0.23020615107022058
0.23020615110024356
-0.23020615107512227
0.23020615105469736
-0.23020615107243553
0.23020615109137116
-0.23020615111166967
0.23020615110231893
-0.23020615106794184
0.2302061510470197
-0.23020615105518402
0.23020615108194675
-0.23020615105371817
0.23020615103960118
-0.23020615106257977
0.23020615105868686
-0.23020615105121348
0.2302061510646403
-0.23020615107578973
0.230206151062741
-0.23020615108307912
0.2302061510794515
-0.23020615106525927
0.23020615107283393
-0.23020615108463366
0.2302061510817765
-0.23020615108663964
0.2302061510632616
-0.23020615107059728
0.2302061510947396
-0.23020615108565542
0.23020615108593562
-0.2302061510858614
0.230206151084942
-0.23020615108026937
0.23020615110967324
-0.230206151117653
0.23020615109864975
-0.2302061510757772
0.23020615109518286
-0.23020615109203535
0.2302061510816602
-0.23020615106008638
0.23020615106388012
-0.23020615107911682
0.2302061510736897
-0.2302061510822396
0.23020615108589382
-0.2302061510819217
0.23020615107549142
-0.2302061510762237
0.23020615106992712
-0.23020615107555048
0.2302061510401058
-0.23020615102288322
0.23020615102808456
-0.23020615106448414
0.23020615081787868
-0.23020615056116467
0.23020615061916141
-0.23020615067876266
0.23020614933159902
-0.23020614785928242
0.23020614812948112
-0.23020614833061534
0.2302061399946547
-0.23020613165263687
0.23020613355375175
-0.23020613538785578
0.23020607721091754
-0.23020601912793645
0.2302060348249013
-0.23020605043892065
0.23020563307376576
-0.23020521599808827
0.23020533118084668
-0.23020544641117946
0.23020241696345317
-0.23019938746068141
0.2302002324326726
-0.2302010776707316
0.2301786575316967
-0.2301562394477598
0.2301625746584131
-0.23016890997282968
0.22999786676991776
-0.22982695064178202
0.229876313884502
-0.22992568763507934
0.228548685208525
-0.22717992951262028
0.22759342410891026
-0.22800767111702264
0.21549501242847194
-0.20366902634287723
0.20778270787737904
-0.21197947726868913
