-0.11508942984630867
0.0129803712173182
-0.01582168874426146
0.004319012063647433
-0.006832533093195312
0.0022479387771926623
-0.0032762102353375323
0.0014091743323230944
-0.0024338744923987255
0.0009834215753171391
-0.0014012180358399207
0.0007292659618180336
-0.0012892938200297897
0.0005688827946504618
-0.0007775357779812235
0.00045499918018419605
-0.0008164594114866324
0.0003770456098087888
-0.0004933088707839444
0.0003146816097995281
-0.0005709532146445529
0.0002713156577843426
-0.0003394008387326869
0.00023275990440389292
-0.00042575745420316127
0.00020625479073374674
-0.00024642159901534766
0.00018009917257617028
-0.00033182534352957653
0.0001626909439122801
-0.00018585001493954135
0.00014389279633424414
-0.00026725652102924536
0.00013187418133555403
-0.00014434713091532594
0.00011768437719963457
-0.0002208338197667728
0.00010909642734900406
-0.00011471466143750111
9.799351542524481e-5
-0.0001862807938842842
9.176593448266497e-5
-9.28692999630127e-5
8.277725166724536e-5
-0.0001597844235763282
7.829670316503112e-5
-7.639533606132962e-5
7.070634121840617e-5
-0.0001389256467252143
6.758139623855495e-5
-6.369018075542203e-5
6.097714909913943e-5
-0.00012212502354536238
5.897772546812016e-5
-5.37303457352244e-5
5.3026530795227464e-5
-0.00010831985670729486
5.19690174188079e-5
-4.5845881356595405e-5
4.652032563579422e-5
-9.685354362816931e-5
4.6202532618935294e-5
-3.951199023516459e-5
4.104953531998575e-5
-8.714661931904658e-5
4.1407732682646133e-5
-3.438617728264486e-5
3.6485230760865305e-5
-7.879746722155814e-5
3.742069665812301e-5
-3.0218262676466056e-5
3.264090313832423e-5
-7.155916000744792e-5
3.4048143290195806e-5
-2.6785195686679323e-5
2.9368696766517493e-5
-6.52285550322904e-5
3.1213368682090094e-5
-2.3944215090073824e-5
2.657592854722097e-5
-5.965370595990954e-5
2.875852692124659e-5
-2.1573685575856988e-5
2.418817833143616e-5
-5.470039261149861e-5
2.6665002963693896e-5
-1.9593882675740225e-5
2.2136099334795163e-5
-5.0301315987670544e-5
2.483699567775144e-5
-1.792498249959705e-5
2.0347228991858966e-5
-4.639083736985827e-5
2.32329002135407e-5
-1.6511632718800345e-5
1.8792762192388233e-5
-4.2867382605803385e-5
2.181962877658872e-5
-1.5316081008977233e-5
1.7451797536302725e-5
-3.96798427573622e-5
2.0568110803633376e-5
-1.4297299208848958e-5
1.6272345943891043e-5
-3.6822292523223574e-5
1.9461116517039068e-5
-1.3426627645689148e-5
1.5221758117529727e-5
-3.422342830851297e-5
1.845808871216348e-5
-1.2693753322927921e-5
1.4317006917594112e-5
-3.1864114371048194e-5
1.756612077885629e-5
-1.204688222350614e-5
1.3497060578505111e-5
-2.97039414025663e-5
1.6746280050032293e-5
-1.1490422209030097e-5
1.2774303860287899e-5
-2.7738552192186014e-5
1.6003545701925964e-5
-1.100848315588698e-5
1.2135082891019018e-5
-2.5925879486814878e-5
1.5312663989139155e-5
-1.0582776170093104e-5
1.1553818282525106e-5
-2.426435637354934e-5
1.4667621105392185e-5
-1.0203245627720333e-5
1.1023897199722224e-5
-2.2734022212021257e-5
1.4071498505516304e-5
-9.865732449503831e-6
1.0555869515809221e-5
-2.1334176100155653e-5
1.351214142939703e-5
-9.582697708591054e-6
1.0143933182960675e-5
-2.0047436774156193e-5
1.300302566180453e-5
-9.306721089660705e-6
9.75064881929665e-6
-1.886524492080298e-5
1.2516716490882432e-5
-9.07195462064752e-6
9.408657473862817e-6
-1.7766734441537706e-5
1.205988529133107e-5
-8.856794923367943e-6
9.089345718970139e-6
-1.6761103316909757e-5
1.1636766277792365e-5
-8.67438149416339e-6
8.816628563515536e-6
-1.582802945187914e-5
1.1246048357489525e-5
-8.507271229341143e-6
8.564518576708403e-6
-1.4976169163148945e-5
1.0876437102845891e-5
-8.362490916535684e-6
8.34787710760002e-6
-1.420143660727273e-5
1.0537002518452595e-5
-8.230474785958227e-6
8.14913656237786e-6
-1.3489300824353389e-5
1.0205647095993315e-5
-8.098626231275767e-6
7.99303083731134e-6
-1.2850749651702028e-5
9.909161442765238e-6
-7.99429026853613e-6
7.841385366699545e-6
-1.2257989570428567e-5
9.62300647663716e-6
-7.888916586311077e-6
7.701515583287359e-6
-1.171067891844884e-5
9.37245338932758e-6
-7.808033663741717e-6
7.537528637692184e-6
-1.1179996185419704e-5
9.073893059274924e-6
-7.685716453075467e-6
7.445897885302136e-6
-1.0745233939839812e-5
8.860592082319569e-6
-7.595295335551364e-6
7.32085206850949e-6
-1.0310084553951652e-5
8.618924027425574e-6
-7.488115847607619e-6
7.214254578566112e-6
-9.922855081147296e-6
8.403800638986188e-6
-7.396027642469452e-6
7.096497171408845e-6
-9.530906653413828e-6
8.188173140890776e-6
-7.312614910772343e-6
6.9818180109495185e-6
-9.185756006237209e-6
8.019431003159038e-6
-7.2698528276288285e-6
6.8697193279404115e-6
-8.818639974820936e-6
7.849260579627605e-6
-7.192279826698064e-6
6.799472795931956e-6
-8.526801763090583e-6
7.686888685213996e-6
-7.1424584703034175e-6
6.720685101346038e-6
-8.24987026373816e-6
7.466677911592914e-6
-7.01176014208433e-6
6.592279355189678e-6
-7.94974403006308e-6
7.3015361637149275e-6
-6.921743747216317e-6
6.495863379590078e-6
-7.70159777008073e-6
7.145116845461337e-6
-6.839789224157134e-6
6.400083280484832e-6
-7.465380441242892e-6
6.991615404872902e-6
-6.753910124035543e-6
6.307272745716436e-6
-7.2432960706658874e-6
6.8476714782003425e-6
-6.672781942808995e-6
6.215919983598511e-6
-7.032944905427776e-6
6.70844089729922e-6
-6.5906718022092335e-6
6.1238651821102905e-6
-6.833072574269835e-6
6.568782331861873e-6
-6.509525069188435e-6
6.042124653959475e-6
-6.643526727840235e-6
6.443871502086887e-6
-6.439607061086112e-6
5.961174534494379e-6
-6.463570155755737e-6
6.307447265760434e-6
-6.358736931293511e-6
5.876853960272075e-6
-6.284437775420863e-6
6.178125101942543e-6
-6.283176274387222e-6
5.789394280929347e-6
-6.103543700201197e-6
6.0511915850228666e-6
-6.2130619630193175e-6
5.719307178414716e-6
-5.940305948648218e-6
5.92081298789983e-6
-6.137842840871455e-6
5.631015815481051e-6
-5.767618950792593e-6
5.794609873840551e-6
-6.061252199544292e-6
5.544350528211431e-6
-5.608689024532409e-6
5.672398926793592e-6
-5.982643436785601e-6
5.455764878167308e-6
-5.447631743076646e-6
5.553237218865601e-6
-5.908075720567173e-6
5.363763740040918e-6
-5.293202912315158e-6
5.4460874180065e-6
-5.839752686064066e-6
5.270047850762926e-6
-5.140955298934504e-6
5.334105856042397e-6
-5.765237935627061e-6
5.176023285266772e-6
-4.994927944001825e-6
5.2249519437154225e-6
-5.686394426876208e-6
5.077969546357807e-6
-4.852754775038712e-6
5.122413014048416e-6
-5.613044920046104e-6
4.968838079123225e-6
-4.704749440369838e-6
5.03442631922638e-6
-5.544618790185054e-6
4.866215259739818e-6
-4.558742626443904e-6
4.9263352596384035e-6
-5.480257113572059e-6
4.771992050577132e-6
-4.450866558013428e-6
4.8646652018959835e-6
-5.424292335582231e-6
4.700218120122119e-6
-4.335388031108049e-6
4.771932136183959e-6
-5.327283759635835e-6
4.606136614886802e-6
-4.235841801048563e-6
4.681473217804753e-6
-5.273757385130699e-6
4.57623249608279e-6
-4.1493174651625765e-6
4.552536475927168e-6
-5.165421597879493e-6
4.515966967660678e-6
-4.049715401310512e-6
4.479371388918405e-6
-5.117216678751091e-6
4.437691707559686e-6
-3.944627020567421e-6
4.358035600934268e-6
-5.00306426842294e-6
4.366995644922476e-6
-3.858705031446674e-6
4.260372764772355e-6
-4.927860721188394e-6
4.302658459303299e-6
-3.777796557617568e-6
4.182442778509327e-6
-4.862576764634145e-6
4.2041362516336954e-6
-3.66545050507377e-6
4.130718059461317e-6
-4.839874590154697e-6
4.1775466378429866e-6
-3.6330672967933983e-6
4.045563577245783e-6
-4.733729111699464e-6
4.085874592870577e-6
-3.5161516441998822e-6
3.948511635126921e-6
-4.668481157313741e-6
4.0246911740845425e-6
-3.4468038927551133e-6
3.883723825283974e-6
-4.603415948346378e-6
3.958328191189928e-6
-3.3810798906213938e-6
3.8288575917979795e-6
-4.547410867111972e-6
3.896699800491781e-6
-3.3155263557108413e-6
3.7730624524191374e-6
-4.497188008876416e-6
3.846982835977337e-6
-3.261706699664349e-6
3.7201646412791354e-6
-4.443550502809454e-6
3.793387650073152e-6
-3.20343297610963e-6
3.6668851892150498e-6
-4.39271432010791e-6
3.737085715759578e-6
-3.1438363437467808e-6
3.6188494910315524e-6
-4.343406707525572e-6
3.692153494328179e-6
-3.0983845236329455e-6
3.569419382981009e-6
-4.291574381446718e-6
3.6381858163397953e-6
-3.0451151406591887e-6
3.5172722212325e-6
-4.23315667217225e-6
3.590559448716767e-6
-2.9990266970247848e-6
3.4801865923090288e-6
-4.190465355373515e-6
3.5472061830320752e-6
-2.956434898085734e-6
3.4333094758325847e-6
-4.137349287818236e-6
3.4988449848298225e-6
-2.9098620351450827e-6
3.3838267962775557e-6
-4.081483047580505e-6
3.4536716382729863e-6
-2.86708916219721e-6
3.3337961896289438e-6
-4.024147376351247e-6
3.40940184633903e-6
-2.8265299793033076e-6
3.2808263043916715e-6
-3.960237522692655e-6
3.358530909603522e-6
-2.7793394012609733e-6
3.2315474760146623e-6
-3.901074002934125e-6
3.300800651163496e-6
-2.7305455533293725e-6
3.198644754146206e-6
-3.859269035965153e-6
3.252081593089644e-6
-2.6887126583579715e-6
3.1454409311910855e-6
-3.7951238220874783e-6
3.197729062198249e-6
-2.6395710092139244e-6
3.093928480883254e-6
-3.733886456075806e-6
3.1431896608283555e-6
-2.5921793203109385e-6
3.045936906023202e-6
-3.6759931317571587e-6
3.0889393882434075e-6
-2.547295485662971e-6
2.9993160306522295e-6
-3.6200615812871265e-6
3.039007175249195e-6
-2.5038288950878182e-6
2.9490559165054204e-6
-3.555290691885728e-6
2.9815349523681064e-6
-2.4564701958223653e-6
2.9016410690075412e-6
-3.4992928135375184e-6
2.9279361766754854e-6
-2.4108138351015895e-6
2.853216065680265e-6
-3.44046864091225e-6
2.87349900239482e-6
-2.3653094993420873e-6
2.8042084478769565e-6
-3.379215945511308e-6
2.818927436296688e-6
-2.3184121897319938e-6
2.7514823818365206e-6
-3.3172290043891193e-6
2.7616196487038023e-6
-2.269931805583537e-6
2.700734660127562e-6
-3.2547046391357607e-6
2.7043197083522137e-6
-2.223304285188907e-6
2.6513603233298735e-6
-3.1942088907581586e-6
2.649359806245931e-6
-2.1772385196913485e-6
2.6016413081567597e-6
-3.132415995696208e-6
2.5902953931925875e-6
-2.1287542921486903e-6
2.551538755441212e-6
-3.0720822541937944e-6
2.532697366482313e-6
-2.080057345547393e-6
2.5017927188851155e-6
-3.01280080477216e-6
2.4765797384546734e-6
-2.031840793226238e-6
2.4524659625434943e-6
-2.9559699294031045e-6
2.423919172994195e-6
-1.9856208559060343e-6
2.403501621747371e-6
-2.9009756524909386e-6
2.370346227556455e-6
-1.9391803146984866e-6
2.3562754188286055e-6
-2.847552665220694e-6
2.319904051066197e-6
-1.8930677149663654e-6
2.308107567920124e-6
-2.7966975370228476e-6
2.2750535262414758e-6
-1.8510872292924124e-6
2.2622675091540466e-6
-2.7471259600574196e-6
2.233094201422415e-6
-1.8118964716283648e-6
2.215891471433937e-6
-2.7000338784370112e-6
2.1990527683230342e-6
-1.778347421023125e-6
2.1676561357293155e-6
-2.6508140545089737e-6
2.157123344702378e-6
-1.739803018283102e-6
2.1282082894726576e-6
-2.6091792602185016e-6
2.098583725871299e-6
-1.6891394676528597e-6
2.0791947849996756e-6
-2.554022764810151e-6
2.0576125343348884e-6
-1.6509305407467715e-6
2.0382128209648194e-6
-2.510055050282217e-6
2.0192189541369047e-6
-1.6153544551509719e-6
1.9899033989972352e-6
-2.458554174567187e-6
1.9801750429700886e-6
-1.577707065537469e-6
1.9582538463240875e-6
-2.429932696225161e-6
1.9388441136166e-6
-1.538138449831098e-6
1.912056832065339e-6
-2.3818375886648203e-6
1.8953376630948135e-6
-1.4983530483712224e-6
1.8730269939910248e-6
-2.34319066899179e-6
1.858171055516969e-6
-1.4631217121412538e-6
1.8354095171435701e-6
-2.3052215081177283e-6
1.819703750084887e-6
-1.4282305065508379e-6
1.7995780543727567e-6
-2.2704178052713847e-6
1.7849496288765079e-6
-1.3943122532935067e-6
1.764164693783584e-6
-2.236064669306671e-6
1.7505656884016982e-6
-1.360631325537431e-6
1.7274347365744253e-6
-2.200211116001904e-6
1.7162127552669826e-6
-1.3268424214301665e-6
1.6917766322142434e-6
-2.1656929308313525e-6
1.682015147297809e-6
-1.295500686436679e-6
1.6591893779783324e-6
-2.13267848267971e-6
1.6491145150274647e-6
-1.2642400827982407e-6
1.6256272074946652e-6
-2.098036029024556e-6
1.6163215702200162e-6
-1.2344897087857922e-6
1.5944317913708068e-6
-2.065107850710999e-6
1.5833588575848207e-6
-1.2041072026797538e-6
1.5618758062543963e-6
-2.029974661439572e-6
1.550204889530611e-6
-1.175435803908081e-6
1.5314915680729168e-6
-2.0000831091033954e-6
1.5199142563893792e-6
-1.1473735861335724e-6
1.5024687142419855e-6
-1.9720919669234815e-6
1.493879734250035e-6
-1.1190733417514616e-6
1.4712689987296592e-6
-1.944416232732581e-6
1.4642120959057156e-6
-1.0977950801858725e-6
1.4499410058073461e-6
-1.9187929958354907e-6
1.438619904176994e-6
-1.071002821297578e-6
1.4206796115037742e-6
-1.8984449425325744e-6
1.4171112701870634e-6
-1.0469796618343742e-6
1.3951427551356781e-6
-1.8726540853042738e-6
1.394477938010843e-6
-1.0237776541250287e-6
1.368464668966167e-6
-1.8461102412830208e-6
1.3643763472506668e-6
-9.971265256228552e-7
1.3412878150992182e-6
-1.8156198877776104e-6
1.3369587119852955e-6
-9.731303470260595e-7
1.3154659659615266e-6
-1.7875256214549246e-6
1.3085829704479274e-6
-9.48611701268065e-7
1.2890545935950436e-6
-1.7605618465108924e-6
1.281961839486082e-6
-9.259767316970249e-7
1.2654537096563109e-6
-1.7371656266336392e-6
1.2585873827150219e-6
-9.064285946391376e-7
1.2454916645993421e-6
-1.7164621635397888e-6
1.2353881839006144e-6
-8.791433058794548e-7
1.215365741695556e-6
-1.6887607293505566e-6
1.2079063092863537e-6
-8.594345613632267e-7
1.19541599467522e-6
-1.6666702085915125e-6
1.1848348285623653e-6
-8.383655276350648e-7
1.1736591298748499e-6
-1.6428436304185103e-6
1.1598933654235265e-6
-8.181653319412197e-7
1.1530089493075106e-6
-1.6210947491772922e-6
1.1367002877810156e-6
-7.966570823988748e-7
1.1314183295561394e-6
-1.6026465420514917e-6
1.1186815506230185e-6
-7.782768169847043e-7
1.1055804244621481e-6
-1.578725773684964e-6
1.0997895654529714e-6
-7.594645375699694e-7
1.08987213872661e-6
-1.5699074150082057e-6
1.0783246061385435e-6
-7.392752822008877e-7
1.065637173080892e-6
-1.5467518722433435e-6
1.0627849470422495e-6
-7.226701366662306e-7
1.0447429544552826e-6
-1.529228386606847e-6
1.0401574752931067e-6
-7.012564197481794e-7
1.0262134848321654e-6
-1.5168399428198907e-6
1.0246744289006443e-6
-6.866518161822217e-7
1.0112093325479525e-6
-1.5056186835567666e-6
1.0075355650888773e-6
-6.688704087968331e-7
9.946693634039281e-7
-1.4926018725263496e-6
9.894346586264638e-7
-6.513360291157758e-7
9.759382747438688e-7
-1.4765654128403453e-6
9.67344871392059e-7
-6.318829442665084e-7
9.601232672713652e-7
-1.4638592814471445e-6
9.521448258005508e-7
-6.164271351101465e-7
9.439255655903095e-7
-1.451582679123124e-6
9.343673004220948e-7
-6.002348614582274e-7
9.278573369285928e-7
-1.4378966345938856e-6
9.16456504248705e-7
-5.842210048238172e-7
9.126549120533837e-7
-1.425087376565197e-6
8.978926979763621e-7
-5.682025283492318e-7
8.972600803983718e-7
-1.4110770478051425e-6
8.798981309379591e-7
-5.527349668766067e-7
8.829285379636145e-7
-1.3983263617159654e-6
8.624401647660566e-7
-5.378536117863455e-7
8.683733041747835e-7
-1.3851266810762878e-6
8.455361913788998e-7
-5.236936502790645e-7
8.536941457928577e-7
-1.3709864596582297e-6
8.280286105256275e-7
-5.095532425968235e-7
8.392102450503323e-7
-1.3552490427473986e-6
8.100043684067691e-7
-4.956356379063738e-7
8.251617365852009e-7
-1.340221486302417e-6
7.922777882683365e-7
-4.813877418328167e-7
8.11022974083126e-7
-1.3262911902862109e-6
7.745873171011477e-7
-4.67372273672941e-7
7.980212308601908e-7
-1.3127908929568975e-6
7.563451450164613e-7
-4.533806542231116e-7
7.856155388494089e-7
-1.3003107248565479e-6
7.396653741616346e-7
-4.4076169454120004e-7
7.737129138196356e-7
-1.287541977595578e-6
7.223406231272866e-7
-4.2816176953027894e-7
7.625334255835273e-7
-1.2752051893290153e-6
7.043360046829444e-7
-4.1497969329130704e-7
7.484552372557416e-7
-1.2582398435796294e-6
6.870457434186089e-7
-4.029992074438076e-7
7.38378237062448e-7
-1.2468840429785306e-6
6.72671118149918e-7
-3.924761290669104e-7
7.2594323060842e-7
-1.2315688182624264e-6
6.545925432400976e-7
-3.7992060771038245e-7
7.138005669656533e-7
-1.2167909427229283e-6
6.404895401423202e-7
-3.696821077448797e-7
7.019065771223644e-7
-1.2025780560187082e-6
6.274156130746782e-7
-3.6065944733875823e-7
6.911402853478804e-7
-1.1893881100668958e-6
6.137799108007062e-7
-3.505842042537148e-7
6.775627135860202e-7
-1.1721508163105056e-6
5.985327115878404e-7
-3.4020302307548466e-7
6.655330685038643e-7
-1.1567812030666896e-6
5.829728786844367e-7
-3.2951249764991244e-7
6.557938193640608e-7
-1.1464467776540993e-6
5.720099587223428e-7
-3.2141287687311745e-7
6.433564881994745e-7
-1.1306822635302686e-6
5.590835764883179e-7
-3.124773920338642e-7
6.308679710569326e-7
-1.114338843748993e-6
5.455449856112096e-7
-3.0325742564622214e-7
6.185221661585232e-7
-1.0983409962399729e-6
5.334970832691687e-7
-2.9490575064328836e-7
6.069459532944566e-7
-1.083764775981329e-6
5.226922777767455e-7
-2.868018230948574e-7
5.936532071212701e-7
-1.066890851481766e-6
5.097749634254049e-7
-2.781742108155245e-7
5.805441972377502e-7
-1.049728785194391e-6
4.979774679662475e-7
-2.699085271689555e-7
5.669009775145817e-7
-1.0322137702730667e-6
4.87590962252915e-7
-2.621255641392048e-7
5.525568626893787e-7
-1.0140223822310325e-6
4.7590014142340456e-7
-2.5359944283673407e-7
5.405099644001237e-7
-1.0007295838548797e-6
4.533708458703306e-7
-2.394092991529151e-7
5.245954931447918e-7
-9.792946198125252e-7
4.478254028811845e-7
-2.3455983932799575e-7
5.154822163384886e-7
-9.69841389132457e-7
4.436858416233462e-7
-2.3053471278154203e-7
5.039567067215547e-7
-9.556022039838316e-7
4.3345249171496637e-7
-2.2337939187682783e-7
4.917841415354458e-7
-9.388449917291399e-7
4.2297445984547966e-7
-2.1607333615035156e-7
4.782470612237257e-7
-9.209069001658078e-7
4.1257366221187237e-7
-2.0872423503522843e-7
4.64441981867605e-7
-9.010617311869949e-7
4.010380755553938e-7
-2.0126240070456633e-7
4.501829800565683e-7
-8.819495061549566e-7
3.917793917005792e-7
-1.9449509821678933e-7
4.355795776387632e-7
-8.619838779303405e-7
3.8226064159805273e-7
-1.8853085693146995e-7
4.226216697061209e-7
-8.425763224481857e-7
3.738612967398426e-7
-1.8282482045718493e-7
4.093433385223181e-7
-8.20506584419615e-7
3.640382591553304e-7
-1.7591141575237277e-7
3.935620270501768e-7
-7.978625272480811e-7
3.5620241828350945e-7
-1.700295027017771e-7
3.7775791991316667e-7
-7.766413664858349e-7
3.451170668916383e-7
-1.6449587163931408e-7
3.6680164935458687e-7
-7.549192573280411e-7
3.355599941908155e-7
-1.5863832644404274e-7
3.535525755079949e-7
-7.344851721098647e-7
3.2671916777964073e-7
-1.5291296666274422e-7
3.403635325484064e-7
-7.135045264288659e-7
3.1785193447633626e-7
-1.4732626622134664e-7
3.277164530226331e-7
-6.938554598661087e-7
3.0877655974562876e-7
-1.4198952772550108e-7
3.157927624309885e-7
-6.745008597857825e-7
3.0051858977097596e-7
-1.365889404219506e-7
3.0270991106106677e-7
-6.519990365196539e-7
2.9293307994220897e-7
-1.3201885428436523e-7
2.9029928022246874e-7
-6.312263261196108e-7
2.845504822814466e-7
-1.2708098006625437e-7
2.7824946914421347e-7
-6.104984825926262e-7
2.7559274455963064e-7
-1.2197649122829257e-7
2.664743343187542e-7
-5.894880165990265e-7
2.6737540795293585e-7
-1.1730385194772156e-7
2.5494833450125883e-7
-5.68762708478021e-7
2.5877083364298105e-7
-1.1267452599903037e-7
2.4393163836577196e-7
-5.480584994522972e-7
2.5010749971292014e-7
-1.0783062460654758e-7
2.3250771796764246e-7
-5.271563773553775e-7
2.405578421725352e-7
-1.0311352601972563e-7
2.2247816394617087e-7
-5.082993517656383e-7
2.3221537701644582e-7
-9.87073008914695e-8
2.1257760595796444e-7
-4.893865885005842e-7
2.232376469913062e-7
-9.424706109251273e-8
2.0312613798658905e-7
-4.693767432988324e-7
2.1333956222081085e-7
-8.921853034803234e-8
1.9308388405589172e-7
-4.5079884928959235e-7
2.032583949368744e-7
-8.436329433791963e-8
1.8408663268693338e-7
-4.334438782656805e-7
1.937593860221406e-7
-7.957208641396333e-8
1.7517694178713785e-7
-4.1681327202366927e-7
1.854727883526479e-7
-7.536581299839146e-8
1.6692742985180645e-7
-4.0126327519400496e-7
1.791277422617816e-7
-7.212228817777661e-8
1.6027871956519035e-7
-3.8863561111721065e-7
1.7065165195823862e-7
-6.812052686808127e-8
1.545591178942989e-7
-3.778153135001951e-7
1.633473343862194e-7
-6.46636640702488e-8
1.4618685036996038e-7
-3.602536740112229e-7
1.5564610675828619e-7
-6.113493510735214e-8
1.3986290522818852e-7
-3.4720157914517176e-7
1.4801707318060288e-7
-5.769059531361687e-8
1.3354965006131299e-7
-3.3414531658095614e-7
1.3970285229413442e-7
-5.405556442798351e-8
1.2749310769028744e-7
-3.2150065014816426e-7
1.322484163165256e-7
-5.059397424281262e-8
1.2157586076104158e-7
-3.096809749253675e-7
1.240303892438076e-7
-4.709649755443745e-8
1.1611594594976059e-7
-2.983910762870117e-7
1.1618681367951247e-7
-4.36529792202256e-8
1.1048581823060838e-7
-2.86897858275471e-7
1.082695983356929e-7
-4.023240512969937e-8
1.0406198303717592e-7
-2.7303204391719205e-7
1.0241174846985822e-7
-3.7446683145197864e-8
9.887471184919029e-8
-2.6382038928680877e-7
9.603191179411277e-8
-3.457390257751701e-8
9.378207105360126e-8
-2.5413482023394735e-7
8.758725326426862e-8
-3.0988102676765884e-8
8.78426727097033e-8
-2.4242618703440406e-7
8.63053414172342e-8
-2.987709542745783e-8
8.354280744322358e-8
-2.3540517021479227e-7
8.188690723006323e-8
-2.7727667752828277e-8
7.913083599824717e-8
-2.2807612626446567e-7
7.760464305180125e-8
-2.561085032643189e-8
7.427005959607205e-8
-2.1961243664665628e-7
7.269965986384554e-8
-2.3305723623037736e-8
6.987856646645031e-8
-2.1243397030284324e-7
6.909884920051666e-8
-2.1350449947023116e-8
6.484122767833949e-8
-2.0466927302932857e-7
6.397008110379996e-8
-1.9054987002095454e-8
6.032076283905399e-8
-1.973906460442325e-7
5.8264293211348295e-8
-1.6465190821357016e-8
5.5266373552875944e-8
-1.898195934640493e-7
4.931917257524183e-8
-1.2879126562756348e-8
4.749033856355618e-8
-1.756982438906151e-7
4.033810624772731e-8
-9.546508499769994e-9
3.968555198791699e-8
-1.6056701845687909e-7
2.976798270397535e-8
-5.669223106663376e-9
2.8426800898839636e-8
-1.3989856351805986e-7
