-0.2402999290409139
0.23069585908866755
-0.23051051936841568
0.2302365735696748
-0.23022596781873425
0.2302086319958181
-0.23020779722121867
0.23020636308222978
-0.23020629572314577
0.23020616938943453
-0.23020616397672922
0.2302061526683361
-0.23020615224941338
0.2302061512137101
-0.23020615118282312
0.2302061510952059
-0.23020615110259837
0.23020615108050524
-0.23020615107723913
0.2302061510832152
-0.23020615109937978
0.23020615110478387
-0.2302061510955736
0.23020615108287415
-0.230206151104195
0.23020615113520362
-0.23020615110075957
0.2302061510880311
-0.23020615109524206
0.2302061510996208
-0.23020615108980114
0.23020615111237988
-0.2302061511185484
0.2302061511016583
-0.23020615109776238
0.23020615108767253
-0.23020615106159584
0.2302061510783169
-0.2302061511098961
0.23020615109837336
-0.2302061510815143
0.23020615108264325
-0.2302061511014828
0.23020615111042314
-0.23020615109077183
0.23020615109370487
-0.23020615109588086
0.23020615106985756
-0.2302061510617095
0.23020615108199247
-0.23020615107873227
0.23020615105184034
-0.23020615107193745
0.23020615108391124
-0.23020615105678488
0.23020615109375955
-0.23020615110786222
0.2302061510826748
-0.23020615108465847
0.23020615108987047
-0.23020615109252282
0.2302061510987528
-0.23020615110844023
0.23020615110699152
-0.23020615109475137
0.23020615105958914
-0.23020615106627765
0.23020615106615486
-0.2302061510920829
0.2302061511040539
-0.23020615109288786
0.23020615108189696
-0.23020615108892611
0.2302061511069974
-0.2302061511187444
0.23020615110851683
-0.23020615110546455
0.23020615110269105
-0.2302061510957516
0.23020615112403345
-0.23020615111258602
0.23020615108937334
-0.2302061510879969
0.23020615108987136
-0.23020615106982129
0.23020615105295172
-0.23020615104987688
0.2302061510438761
-0.23020615104211836
0.23020615105861175
-0.2302061510646526
0.23020615100983446
-0.23020615100310063
0.2302061510173049
-0.23020615102431127
0.2302061510211663
-0.23020615104711997
0.23020615105988443
-0.23020615105399655
0.2302061510861526
-0.23020615108274128
0.2302061510777217
-0.23020615106241457
0.23020615108192544
-0.2302061510890258
0.23020615109043693
-0.23020615106267586
0.23020615107137074
-0.23020615108477516
0.2302061510689787
-0.23020615107137746
0.23020615107732045
-0.23020615104685596
0.23020615105342576
-0.23020615107041917
0.2302061510682277
-0.23020615105109532
0.23020615105255648
-0.23020615108487058
0.2302061510602609
-0.2302061510357041
0.2302061510817392
-0.23020615108766995
0.230206151072349
-0.23020615107137443
0.23020615107904757
-0.2302061510919321
0.23020615108963643
-0.23020615112202672
0.2302061511184723
-0.2302061510844039
0.23020615108823164
-0.23020615111091303
0.23020615108395648
-0.23020615107924797
0.2302061510871373
-0.2302061511132112
0.23020615110661619
-0.23020615109881482
0.2302061510993834
-0.2302061511076501
0.23020615109873627
-0.23020615110114775
0.23020615110077672
-0.2302061510955295
0.23020615110990975
-0.2302061511245632
0.2302061511271248
-0.23020615110833992
0.23020615111234446
-0.2302061511106738
0.23020615109120565
-0.23020615108884157
0.2302061511052613
-0.2302061511092246
0.23020615108688003
-0.23020615107856854
0.23020615107186732
-0.23020615108364567
0.2302061511038931
-0.2302061510967447
0.2302061510637162
-0.2302061510657796
0.23020615107344028
-0.23020615105175002
0.23020615105420392
-0.23020615105387482
0.230206151055576
-0.23020615107337528
0.23020615109196413
-0.23020615109398085
0.23020615107908854
-0.23020615105533737
0.23020615106101655
-0.23020615108478398
0.23020615108591322
-0.23020615107095377
0.23020615106118408
-0.23020615106605877
0.23020615108867287
-0.23020615110750797
0.23020615108559675
-0.23020615105644485
0.2302061510755289
-0.2302061511048167
0.23020615108558837
-0.23020615105520784
0.23020615107172673
-0.23020615107112125
0.2302061510757085
-0.23020615108594422
0.23020615109512424
-0.23020615110754455
0.23020615113103118
-0.2302061511130585
0.23020615108649564
-0.23020615107468975
0.23020615109274647
-0.2302061511096125
0.230206151098264
-0.23020615111367598
0.23020615112466716
-0.2302061511113768
0.23020615108588757
-0.2302061510744563
0.23020615107366135
-0.2302061510658929
0.23020615107325587
-0.2302061511000168
0.2302061510964376
-0.230206151069851
0.230206151079718
-0.23020615108594494
0.2302061510777168
-0.2302061510564957
0.23020615105731024
-0.2302061510682619
0.2302061510709656
-0.23020615106635028
0.2302061510442436
-0.23020615103111733
0.23020615104254596
-0.23020615102459663
0.23020615100735436
-0.23020615101189473
0.23020615099921654
-0.23020615098645744
0.23020615099541716
-0.23020615099150551
0.23020615098898703
-0.23020615102382525
0.23020615103118441
-0.23020615103187536
0.23020615101497266
-0.2302061510466329
0.23020615105838935
-0.2302061510319026
0.23020615103394
-0.23020615106026113
0.23020615106245565
-0.23020615106493644
0.23020615107647535
-0.2302061510684026
0.2302061510563324
-0.2302061510457515
0.23020615108613357
-0.23020615107916975
0.2302061510622323
-0.23020615107454204
0.23020615106823256
-0.23020615109423426
0.2302061511279415
-0.23020615111234777
0.23020615107463605
-0.23020615108015316
0.23020615107918985
-0.23020615110570644
0.2302061510802981
-0.2302061510536153
0.2302061510582308
-0.2302061510706163
0.23020615105439124
-0.23020615102375624
0.2302061510160283
-0.23020615104583775
0.23020615105904826
-0.23020615103892716
0.23020615105428596
-0.2302061510542731
0.23020615106483425
-0.23020615104474162
0.23020615104309206
-0.23020615104548137
0.23020615105263062
-0.2302061510568064
0.2302061510729756
-0.23020615107374964
0.23020615109526468
-0.23020615106224138
0.2302061510500589
-0.2302061510567984
0.23020615104513498
-0.2302061510474726
0.23020615106033968
-0.23020615103280934
0.23020615103205294
-0.23020615107840042
0.23020615106279793
-0.23020615101571998
0.23020615101361658
-0.2302061510545547
0.2302061510465199
-0.23020615101665615
0.23020615102740805
-0.23020615105512535
0.23020615103805467
-0.23020615105663764
0.23020615106865566
-0.23020615106950873
0.23020615107114847
-0.2302061510922838
0.23020615107345604
-0.2302061510534346
0.2302061510760569
-0.2302061510843061
0.23020615107325826
-0.23020615106116338
0.23020615107719464
-0.23020615109317405
0.2302061510837176
-0.2302061510687627
0.2302061510562294
-0.23020615105325212
0.23020615105824116
-0.2302061510764303
0.23020615107604855
-0.23020615106121725
0.2302061510709132
-0.2302061510785112
0.23020615107240225
-0.23020615104896874
0.23020615105846579
-0.23020615109036857
0.23020615108525172
-0.23020615109393494
0.23020615111172385
-0.23020615109962927
0.23020615108674033
-0.2302061511044792
0.23020615110339843
-0.23020615110610337
0.23020615111771323
-0.23020615113221152
0.23020615110228138
-0.23020615108099599
0.23020615107519732
-0.23020615109067313
0.23020615109474313
-0.23020615108012654
0.2302061510629078
-0.23020615104954312
0.23020615104356812
-0.23020615104588363
0.2302061510439984
-0.23020615106425454
0.2302061510627927
-0.2302061510532049
0.2302061510799302
-0.2302061510671674
0.23020615107876066
-0.2302061510788981
0.23020615107200695
-0.2302061510653317
0.23020615109036136
-0.2302061511045012
0.2302061511041742
-0.23020615110048478
0.2302061510754803
-0.23020615104830391
0.23020615104130354
-0.2302061510418313
0.23020615103984315
-0.23020615102168315
0.23020615103382894
-0.2302061510728851
0.23020615107616216
-0.23020615104595185
0.23020615102550346
-0.23020615100820657
0.23020615100839992
-0.2302061510434802
0.23020615106096987
-0.2302061510584363
0.23020615105754538
-0.23020615106685877
0.23020615108309186
-0.23020615108902212
0.23020615110213488
-0.2302061511009717
0.23020615108972378
-0.23020615109516565
0.2302061511152475
-0.23020615113927095
0.23020615111845158
-0.23020615110814519
0.23020615113280313
-0.23020615114489495
0.23020615110085693
-0.23020615109215653
0.23020615109081682
-0.2302061510794063
0.23020615106616074
-0.23020615107883852
0.23020615109262374
-0.2302061510696418
0.23020615106699602
-0.23020615107175002
0.23020615108206494
-0.23020615108113981
0.2302061510740677
-0.2302061510557507
0.23020615104718317
-0.23020615105270711
0.2302061510812577
-0.23020615105383024
0.23020615103419467
-0.23020615105324838
0.23020615106231565
-0.2302061510636447
0.2302061510272028
-0.2302061510234167
0.23020615105556988
-0.23020615105923628
0.23020615102748493
-0.23020615102928246
0.23020615107838624
-0.23020615110613996
0.2302061510812159
-0.2302061510930701
0.23020615107244868
-0.23020615105489306
0.23020615108621403
-0.23020615108411807
0.23020615108413137
-0.23020615107991893
0.23020615108459205
-0.2302061510438402
0.230206151047117
-0.23020615107395648
0.23020615106275732
-0.2302061510455215
0.23020615105787848
-0.23020615104946474
0.2302061510692599
-0.23020615107682132
0.23020615107886852
-0.2302061510791942
0.2302061510850372
-0.23020615112281076
0.23020615111599368
-0.230206151114794
0.23020615111590068
-0.23020615110680473
0.23020615111311724
-0.23020615111854006
0.2302061511080916
-0.23020615111363826
0.23020615110709752
-0.23020615110236956
0.23020615110689566
-0.23020615110265188
0.2302061511056847
-0.23020615110690118
0.23020615110461853
-0.23020615109125164
0.23020615108451004
-0.2302061510986207
0.23020615107390568
-0.2302061510776323
0.23020615109771275
-0.23020615109262868
0.23020615108612677
-0.23020615109533596
0.2302061510964863
-0.23020615105775866
0.23020615105773704
-0.23020615108960715
0.2302061510862162
-0.23020615107005496
0.2302061510732812
-0.2302061510940388
0.23020615109106027
-0.23020615107553197
0.23020615106712813
-0.2302061510680646
0.23020615107485032
-0.23020615109325343
0.23020615107466283
-0.23020615108881734
0.2302061510888301
-0.23020615110639395
0.23020615113632537
-0.2302061510974994
0.2302061510754928
-0.23020615107996514
0.23020615109583037
-0.23020615107351922
0.23020615106254302
-0.23020615106964018
0.2302061510886429
-0.23020615107219308
0.23020615107206413
-0.23020615107610928
0.23020615107270967
-0.23020615105691297
0.23020615107998812
-0.2302061510888904
0.23020615107848305
-0.23020615108625905
0.2302061510863376
-0.23020615109182382
0.23020615107920944
-0.23020615108024536
0.2302061510614977
-0.23020615106185938
0.2302061510685837
-0.2302061510915314
0.23020615106572528
-0.23020615106132075
0.23020615109305229
-0.23020615110182013
0.23020615107898781
-0.23020615106164233
0.2302061510662336
-0.2302061510898919
0.2302061510929539
-0.23020615108328144
0.23020615108040343
-0.2302061510866126
0.23020615109747775
-0.23020615110034756
0.23020615109388526
-0.2302061510826231
0.23020615105165837
-0.23020615102856287
0.23020615102857517
-0.23020615102960187
0.23020615102823658
-0.23020615102335984
0.23020615103087194
-0.23020615104315864
0.2302061510580924
-0.23020615105748873
0.23020615104694728
-0.23020615102778338
0.23020615104656403
-0.23020615107524126
0.23020615108857925
-0.23020615109950868
0.23020615111671616
-0.230206151119813
0.2302061511015691
-0.2302061511059037
0.23020615112563853
-0.2302061511186042
0.23020615110188228
-0.23020615110298
0.23020615112103096
-0.230206151109192
0.23020615108016845
-0.2302061510764005
0.2302061510977182
-0.23020615112388348
0.23020615110172862
-0.2302061510708702
0.23020615107649364
-0.23020615109710427
0.23020615109721654
-0.23020615109334172
0.23020615106955067
-0.23020615106970116
0.23020615107854597
-0.23020615105797604
0.23020615104843786
-0.23020615104427325
0.2302061510616032
-0.23020615104931685
0.23020615103663572
-0.23020615105506842
0.2302061510764601
-0.23020615107062284
0.23020615106772352
-0.2302061510553567
0.2302061510577033
-0.23020615105273892
0.23020615104107012
-0.23020615106179998
0.23020615108773457
-0.2302061510975922
0.23020615107431552
-0.23020615107517922
0.2302061510853776
-0.23020615109723908
0.23020615108574874
-0.23020615106320308
0.23020615106762377
-0.23020615108909875
0.23020615113735668
-0.2302061511337803
0.23020615109891365
-0.23020615112533854
0.23020615112192222
-0.23020615110926212
0.2302061511182507
-0.23020615111165396
0.2302061511442782
-0.23020615114527876
0.2302061511021933
-0.23020615109980583
0.2302061510963173
-0.2302061510880532
0.23020615108437617
-0.23020615108640918
0.2302061510939678
-0.23020615109391387
0.23020615109441883
-0.23020615108731546
0.23020615107955683
-0.2302061510764464
0.23020615109245435
-0.23020615109443066
0.23020615107936096
-0.23020615108119657
0.2302061510870377
-0.23020615107170672
0.23020615107109402
-0.2302061510727591
0.23020615110465867
-0.23020615109838596
0.23020615108294717
-0.23020615107894524
0.230206151073108
-0.23020615106607237
0.23020615105058445
-0.2302061510437697
0.2302061510649702
-0.2302061510637472
0.2302061510481256
-0.23020615107172263
0.23020615105829512
-0.23020615105195114
0.23020615104756786
-0.23020615105468584
0.2302061510389269
-0.2302061510487362
0.23020615105709233
-0.23020615106269696
0.23020615104875242
-0.23020615104812098
0.23020615106044606
-0.23020615104075406
0.2302061510420798
-0.230206151057044
0.230206151075695
-0.2302061510691355
0.23020615105617348
-0.23020615103987527
0.23020615105481038
-0.2302061510669173
0.23020615108097672
-0.2302061510585894
0.23020615106348055
-0.23020615108474565
0.23020615107396075
-0.23020615106621775
0.23020615106538406
-0.23020615107919087
0.23020615108858714
-0.23020615107424286
0.23020615106217668
-0.23020615105850792
0.23020615107498354
-0.23020615107561498
0.23020615107516895
-0.23020615106496514
0.23020615105949674
-0.23020615107842857
0.23020615108492196
-0.23020615106956527
0.2302061510774038
-0.23020615108924875
0.23020615108217685
-0.23020615108608047
0.2302061511008696
-0.23020615112621737
0.2302061511139361
-0.23020615110538706
0.23020615110397652
-0.23020615112911713
0.23020615111666343
-0.23020615111078416
0.23020615112531512
-0.23020615112331674
0.2302061511321711
-0.23020615113239384
0.23020615113305068
-0.23020615114767753
0.23020615114491527
-0.23020615112948364
0.23020615112974757
-0.2302061511293594
0.23020615112320084
-0.23020615111968445
0.2302061511054352
-0.23020615111343073
0.2302061511176754
-0.23020615111500609
0.23020615110357087
-0.23020615110641526
0.2302061511181669
-0.23020615109012918
0.23020615109035525
-0.2302061511175779
0.2302061511337996
-0.2302061511154029
0.23020615109265233
-0.23020615108005713
0.2302061511080468
-0.2302061511076455
0.23020615108713863
-0.23020615106248807
0.2302061510670627
-0.23020615108173662
0.23020615106717088
-0.23020615105797698
0.230206151076485
-0.23020615107703965
0.2302061510581111
-0.2302061510685267
0.23020615105803977
-0.23020615106145012
0.2302061510748719
-0.23020615108570622
0.23020615106458497
-0.2302061510701939
0.23020615108436407
-0.23020615107171927
0.23020615106484343
-0.23020615106900352
0.23020615108457013
-0.23020615110140624
0.23020615108747827
-0.23020615108004455
0.23020615108285478
-0.23020615106693984
0.23020615104366549
-0.23020615104645192
0.23020615106309333
-0.23020615105382083
0.23020615106781223
-0.23020615109675435
0.2302061510680591
-0.23020615105917674
0.23020615108118872
-0.23020615108026626
0.23020615107511566
-0.2302061510778182
0.23020615108216985
-0.23020615108816264
0.23020615110967899
-0.23020615111946172
0.23020615110455664
-0.2302061510870539
0.23020615109169998
-0.23020615109270648
0.23020615108753045
-0.23020615108262266
0.23020615109714618
-0.2302061510919271
0.23020615107495485
-0.2302061511048292
0.23020615111066917
-0.23020615110639486
0.2302061510951919
-0.2302061511000056
0.23020615111577697
-0.23020615112770695
0.23020615114568255
-0.23020615114312395
0.23020615113376638
-0.23020615111569645
0.23020615110228446
-0.23020615109099493
0.23020615107399175
-0.23020615105840728
0.23020615107131606
-0.23020615107772438
0.23020615108739811
-0.23020615105394726
0.23020615104601366
-0.23020615104621167
0.23020615104004366
-0.23020615103040468
0.23020615102967287
-0.23020615103923467
0.23020615105629022
-0.23020615106485381
0.2302061510545104
-0.2302061510437889
0.23020615105360964
-0.23020615107710496
0.23020615107043377
-0.2302061510581412
0.2302061510354478
-0.2302061510597963
0.23020615108422368
-0.2302061511004273
0.23020615108890272
-0.23020615106881473
0.23020615107111406
-0.230206151101875
0.23020615109457057
-0.23020615108562328
0.23020615108784365
-0.23020615110355386
0.23020615111620932
-0.23020615109646322
0.23020615109384582
-0.2302061511014777
0.23020615110158307
-0.23020615109943718
0.2302061511351453
-0.23020615113691328
0.2302061511294072
-0.23020615113747073
0.23020615112733245
-0.2302061511113962
0.23020615112323614
-0.23020615112156934
0.23020615110325957
-0.23020615110157636
0.2302061510984196
-0.2302061511232634
0.2302061511129195
-0.2302061510785967
0.23020615107809397
-0.2302061510933244
0.23020615108741432
-0.23020615107000716
0.23020615109500212
-0.23020615108181142
0.2302061510510146
-0.23020615107955392
0.2302061510585951
-0.23020615102584024
0.23020615107470685
-0.2302061510885674
0.23020615106241032
-0.23020615103924688
0.23020615103828423
-0.23020615105338427
0.23020615105562417
-0.2302061510731372
0.2302061510769015
-0.23020615108318151
0.23020615109118034
-0.23020615109947404
0.23020615110036075
-0.2302061510764208
0.23020615109312517
-0.2302061511022066
0.2302061510799654
-0.23020615105055467
0.23020615106244227
-0.2302061510762118
0.23020615105091205
-0.2302061510592239
0.2302061510715701
-0.23020615104741055
0.2302061510514828
-0.23020615104622796
0.23020615103350645
-0.23020615104765185
0.23020615107673753
-0.23020615109288414
0.23020615106492828
-0.23020615106991774
0.23020615108053
-0.23020615105893044
0.23020615106413306
-0.230206151063248
0.23020615107461317
-0.23020615108212159
0.23020615105671793
-0.23020615106467274
0.23020615105442016
-0.23020615105687497
0.230206151027007
-0.23020615103251543
0.2302061510436705
-0.23020615104322012
0.23020615104980885
-0.23020615104596545
0.2302061510471745
-0.23020615105520595
0.2302061510694373
-0.23020615104487854
0.23020615104737419
-0.23020615105751027
0.2302061510834184
-0.230206151089694
0.2302061510714261
-0.23020615106557746
0.23020615108828515
-0.2302061510984038
0.23020615107425488
-0.23020615108704742
0.23020615110520812
-0.23020615111499088
0.2302061511205044
-0.23020615111608772
0.23020615110546258
-0.23020615108243092
0.23020615111601014
-0.2302061511264419
0.2302061511017808
-0.2302061510732933
0.23020615109668113
-0.2302061511193188
0.2302061511048577
-0.2302061511085424
0.2302061511229274
-0.23020615109364345
0.23020615108639528
-0.23020615111171194
0.2302061511014577
-0.230206151099005
0.23020615111508816
-0.230206151116894
0.2302061510879506
-0.2302061510960603
0.23020615110532888
-0.2302061511026805
0.23020615108272263
-0.23020615108307663
0.2302061510782504
-0.23020615108620662
0.23020615107312087
-0.23020615107159254
0.23020615109126805
-0.23020615109394985
0.23020615108845474
-0.23020615109433326
0.23020615109183293
-0.23020615107876705
0.23020615110416617
-0.23020615108738793
0.23020615108541612
-0.23020615108548204
0.23020615109985423
-0.2302061510853799
0.23020615106481854
-0.23020615106084763
0.2302061510937103
-0.2302061511272367
0.23020615109545278
-0.23020615106874337
0.2302061510630006
-0.23020615107752881
0.23020615107977802
-0.2302061510705892
0.23020615105624936
-0.23020615103654665
0.23020615103900022
-0.2302061510406564
0.23020615098326386
-0.23020615096644492
0.23020615100486666
-0.23020615103665767
0.23020615077435758
-0.23020615052091875
0.23020615059269892
-0.2302061506534404
0.2302061492696602
-0.23020614779076864
0.23020614807257186
-0.2302061483068805
0.2302061399884069
-0.23020613163408352
0.23020613354119546
-0.23020613537653636
0.23020607720079475
-0.23020601910320376
0.23020603480333313
-0.23020605044544734
0.23020563309288972
-0.2302052160334322
0.2302053311950218
-0.23020544638896082
0.23020241696517876
-0.2301993874585995
0.23020023241232718
-0.23020107767197273
0.23017865752833921
-0.23015623944574243
0.23016257465977974
-0.2301689099749682
0.22999786677227152
-0.2298269506428139
0.22987631388679103
-0.22992568763720497
0.22854868521060856
-0.22717992952988939
0.22759342412651715
-0.2280076711288231
0.21549501243875685
-0.20366902634527867
0.2077827078813087
-0.21197947728443234
