-0.00034073564543483925
6.79537043897626e-5
-0.0003665390948902336
8.81723723274657e-5
-0.00038404692195459245
0.00010415125180587162
-0.0004008578307588895
0.00011942465281815549
-0.00040459560455178504
0.0001278086221330303
-0.0004089211153069246
0.00013464557493889055
-0.000413951253069052
0.00013805907412819135
-0.00041705491249759147
0.00014381362620079848
-0.00042266500314178194
0.00014810183396260772
-0.0004257615109475742
0.00015226211986352358
-0.00042769950495559787
0.00015087774584499305
-0.00043777581297773163
0.00016138977894189762
-0.0004433779682663326
0.0001679179059790602
-0.000447679543710736
0.00017307933974563487
-0.0004586406125333572
0.00018120626169776863
-0.0004653824238279268
0.00018875525794599028
-0.0004712967691382803
0.0001961269116378062
-0.00047680272008305565
0.00020215426181658492
-0.00048353056611513017
0.0002088698915117849
-0.0004899565575980586
0.00021415761597100703
-0.0004956969562471624
0.00021925861700497633
-0.0005071504227703615
0.00022351605875136057
-0.0005090428675035631
0.0002290527252668724
-0.000513117049966665
0.00023165957080178342
-0.0005206261347314576
0.00023648119163547068
-0.0005290312363626663
0.0002424370961142703
-0.0005377102188448338
0.00024845259204628296
-0.000546649332148083
0.000253627912550446
-0.0005560280694308487
0.00025817541546743793
-0.0005651429498986147
0.00026192282475918016
-0.0005739944970475314
0.0002661948047857408
-0.0005833292428483591
0.0002694381883894943
-0.0005922269949766609
0.0002724814057863027
-0.0006007625003908319
0.0002749876045504279
-0.000609173954543982
0.000278213359842727
-0.0006171834213853487
0.00028066980590307235
-0.0006247176480660554
0.00028188065412345357
-0.0006326810242808784
0.0002844672545017683
-0.0006392413495722486
0.00028736940808089974
-0.0006450894951241433
0.00028981140539129763
-0.000651524683843773
0.0002923343151456505
-0.000657682863953302
0.00029494135892558994
-0.0006637362653618247
0.00029874590740515026
-0.0006691734906384863
0.0002991000161298073
-0.0006741490516526648
0.00030109312876632133
-0.0006785838789477155
0.0003027138573833402
-0.0006826140817687451
0.00030479997036045846
-0.0006861514893713734
0.0003067557011821774
-0.0006892296746653599
0.0003097452555240303
-0.0006913868400064369
0.0003123701692578448
-0.0006933478908311519
0.000314934123935455
-0.000694315692822865
0.0003176144589670162
-0.0006942677322508153
0.0003159140981178189
-0.0006908340610850053
0.000315277626573891
-0.000695911112730836
0.00032651169709824445
-0.000695715631399004
0.0003300381056540516
-0.0006986813944450029
0.00033265119177671094
-0.0007012243022936822
0.0003360000187226783
-0.0007032034200771122
0.0003397275899606983
-0.0007044012760500573
0.00034225867578892044
-0.0007046278742191453
0.00034547515978589245
-0.0007056734266313857
0.0003495298006252941
-0.0007068849885970195
0.0003531506831403033
-0.0007078015515105619
0.0003556445482138834
-0.0007057010799150457
0.0003607339464031284
-0.000706457139624835
0.000365531574652317
-0.0007083369573616598
0.00036962948087382357
-0.0007084836270505937
0.0003731413440788002
-0.0007088974002945233
0.00037730482161801843
-0.0007098836174510979
0.00038378463579538425
-0.0007114113920532115
0.00038827065520634764
-0.000711089669613406
0.0003942487492362883
-0.0007138129426914683
0.0004007888292448017
-0.0007144182272516765
0.00040696307456193235
-0.0007154643380852507
0.00041287270104242604
-0.0007166642019438173
0.00041969647763873304
-0.0007186732485405435
0.00042654071392787314
-0.0007215902601536987
0.00043338853839746424
-0.0007251762270732864
0.0004402728212458467
-0.0007290338403804173
0.0004471754910816773
-0.0007326181691181817
0.00045371779463903667
-0.0007357203989799186
0.00046052026177589514
-0.0007386184285974506
0.00046767386421686836
-0.0007423672289621403
0.0004751399360694087
-0.0007455937320925059
0.0004822445498201953
-0.0007493119598146315
0.0004892447276596762
-0.0007523162661719268
0.0004950215039047002
-0.0007557508134666671
0.000504272707853838
-0.0007608760742250278
0.0005115349767535964
-0.00076459118685217
0.0005190571099776359
-0.0007685579531705938
0.0005250479357148492
-0.0007721246491211165
0.0005339382545260792
-0.0007773040729137156
0.0005390847370640526
-0.0007850682505157044
0.0005468934090034814
-0.0007853054695553923
0.0005526311663231051
-0.0007919714865085891
0.0005574528500649034
-0.0007952812088150999
0.0005641170443393367
-0.0007992954441444692
0.0005707268134828382
-0.0008031389621855634
0.0005771691634270784
-0.0008072706248624743
0.0005836838543950082
-0.0008113363306912746
0.0005901851557261847
-0.0008149897845560793
0.0005960555841249303
-0.0008189940558205258
0.0006023720763463042
-0.0008232789924693754
0.0006086830725548719
-0.000827073998711098
0.0006144795938213858
-0.0008319355057035098
0.0006219833890450826
-0.0008358059927358763
0.00062679476819135
-0.0008402618310428146
0.000632977461541886
-0.0008448634014507414
0.0006391702972100161
-0.0008494544200253365
0.0006455633487003766
-0.0008529339371591854
0.0006507615499152116
-0.0008571168053644469
0.0006572063326941038
-0.0008614342373244307
0.0006634174393200919
-0.0008661611271840762
0.0006698725062719039
-0.0008704836387344748
0.000676148233127084
-0.0008754571266985835
0.0006826670774387646
-0.0008801050430196647
0.0006892830191975187
-0.0008848983421659739
0.0006959389260433829
-0.0008902730484058657
0.0007024792118179797
-0.0008949734679340741
0.0007090379883675944
-0.0008997713782217473
0.0007158983936553765
-0.0009044429224891478
0.0007220332602378285
-0.0009091776535224727
0.0007297552120633437
-0.000916530047177109
0.0007366751869734048
-0.0009167770572991674
0.0007423176624155966
-0.0009249792210912537
0.0007472326267908653
-0.000929868532796209
0.0007532810866109405
-0.0009389383603805362
0.0007652583105676857
-0.0009430569794292035
0.0007711820746583751
-0.0009496736354372229
0.0007739310272217062
-0.0009549545679017456
0.0007786399984280278
-0.0009601600509538889
0.0007845955945078627
-0.0009661526740021183
0.0007920325368878864
-0.0009725962590970912
0.0008001972214719477
-0.00097925567306256
0.0008077955934605374
-0.0009862719439750222
0.0008162638096990258
-0.0009938754448362821
0.0008251700273099398
-0.0010018676544916857
0.0008340994842418145
-0.001009870741401492
0.0008421779943397597
-0.0010180394687997576
0.0008506445474665614
-0.0010265068927430702
0.0008595413581215706
-0.0010353766546402439
0.0008675175919426808
-0.001043950989790788
0.0008758197170933884
-0.0010522918514800255
0.0008840897611546824
-0.0010600975448598485
0.0008927490811629486
-0.001069616753763521
0.0009005742215190024
-0.0010782234712863154
0.0009091284839577292
-0.0010868525538417638
0.0009180760665031386
-0.0010967919111505133
0.0009276208269432035
-0.0011084038044903686
0.0009355570708385473
-0.0011138227373159865
0.0009462650768773063
-0.0011244458380463146
0.0009560663052363281
-0.0011375322159560685
0.000964616817250611
-0.0011494757473017514
0.0009736727264819617
-0.001161336508005062
0.0009839501084780216
-0.0011729785471936835
0.000993345244289952
-0.0011823111592052244
0.0010044952818226874
-0.0011966951128235426
0.0010179276200498273
-0.0012101120381698314
0.0010285868668661936
-0.001222362795983959
0.00104307211501753
-0.0012361004469796913
0.0010567466707588817
-0.0012504727181444208
0.0010695043626901752
-0.0012640942535849394
0.0010843673835129375
-0.0012781333572878526
0.0010996234120160568
-0.001293684988608309
0.001114580406178076
-0.0013104816378989507
0.0011361312448389695
-0.0013363571348186806
0.0011428495512667996
-0.0013427728564479541
0.0011660006346624855
-0.0013584797890941755
0.0011800561847967526
-0.001376151558995309
0.001191889169905693
-0.0013992809948229
0.0012077066395906715
-0.0014083807830161223
0.00122150458486448
-0.0014352210715289433
0.001231989968840731
-0.0014534065111262038
0.001248774237254803
-0.0014709791080965518
0.0012681944969772617
-0.0014885955977183795
0.0012925423036446338
-0.0015077411936482428
0.0013168302324634534
-0.0015254476820630925
0.0013448611952798695
-0.0015472018996899736
0.0013702156378091268
-0.001570448214489366
0.0013954376885450639
-0.0015938050581059916
0.00142103647087337
-0.00161640901319929
0.0014467735796584826
-0.0016411239966942724
0.0014721848152679236
-0.00166787710893638
0.0014973290646082096
-0.001694429956801395
0.0015240714049829427
-0.001722221979206144
0.001546968529067985
-0.0017497043320276564
0.001574150465331996
-0.0017787553346689925
0.001600184448848236
-0.0018090240657423113
0.0016243018372098634
-0.001835784396842277
0.0016490599562599842
-0.0018663442488053084
0.0016747361798925132
-0.001895957174327512
0.001699901235557918
-0.0019255538673667223
0.0017249128688410222
-0.0019560810957583927
0.0017497718122511411
-0.0019851134447151455
0.0017721332006926235
-0.0020142128226620665
0.0018040479660934195
-0.002055025609738575
0.0018234833819676813
-0.002077538449966696
0.0018379886345017233
-0.0021028327919656487
0.0018699655675974598
-0.0021292180155441597
0.0018943481365935992
-0.0021569233857074398
0.0019194610232797231
-0.0021879581791518724
0.0019382868116099069
-0.0022185118351387826
0.001959987294182875
-0.002246004444805171
0.0019736221145316055
-0.0022813209801721464
0.0020006888041857176
-0.0023029187587293933
0.0020210651864292664
-0.0023297874202529495
0.0020414237307407167
-0.0023550441412323922
0.0020595614234258696
-0.0023847144187146138
0.0020842212040285677
-0.0024113570779060035
0.0021090937400561876
-0.002439528793196164
0.002134683872910549
-0.00246719564274314
0.0021613075103968354
-0.0024963659471809972
0.002189802737447866
-0.0025270958017769513
0.0022184220479704365
-0.002556801398307637
0.0022466224523400814
-0.0025862389617774323
0.0022744133642217945
-0.002616506439440441
0.002302134856964111
-0.002645389584678296
0.0023294553281387733
-0.0026729470389319733
0.002356030409827277
-0.0027004248171313794
0.0023813174018778973
-0.0027270930137199847
0.0024063391021113475
-0.0027524545305192103
0.002429442240230545
-0.0027789769705466234
0.0024553174750894403
-0.0028052199323080444
0.002480606322034648
-0.0028309462265186844
0.002504898818563588
-0.0028548921434096946
0.002530407306954585
-0.002880518549017523
0.0025552926385450747
-0.002905276613203624
0.0025811877782998525
-0.002929270811648367
0.0026073318062172137
-0.002953111592820288
0.0026349649234806718
-0.0029778105982357587
0.0026609321541763123
-0.0030025708407565173
0.00268836379062792
-0.0030270085069415242
0.0027141661644801427
-0.0030524737225117236
0.002742828440836348
-0.003076474488871845
0.0027696280868531055
-0.0031059200376318138
0.0027958409426670273
-0.0031287077420243553
0.002826129750534447
-0.0031538068929422235
0.0028555857348086184
-0.003179171866624068
0.002883779783939001
-0.0032018530592384884
0.0029114388093481095
-0.0032244821038112563
0.002938704415799267
-0.00324701465866323
0.002967322851081406
-0.003269075820745232
0.00299536130584973
-0.0032895301253574533
0.0030223678478183
-0.003312254003012907
0.003051455827798978
-0.0033327532299217083
0.003077607356982287
-0.00336045575215504
0.003103640379419085
-0.003370295818905389
0.003128581115414634
-0.0033908081316751577
0.003154276675832185
-0.00341122193749336
0.003178863037939476
-0.0034324375983466166
0.003205307007011757
-0.003452565524281992
0.0032319102729195183
-0.0034707639341642624
0.0032569525296217653
-0.00348885788584011
0.0032810934663724855
-0.0035087666970411184
0.0033072369035125684
-0.003529808415765159
0.003326367876292297
-0.003542947818723967
0.003349950456735185
-0.003561947685626037
0.003381392838823926
-0.0035799743832190404
0.0034062493842514883
-0.0035933863376919
0.0034305318035699026
-0.0036062846055946217
0.0034532087734592586
-0.0036198510396665906
0.0034757049188616084
-0.0036325274911096273
0.00349759452559103
-0.003643227418718393
0.0035191334358927796
-0.003653600528977267
0.0035406435672053595
-0.003664858062458074
0.003562184972801717
-0.0036750385009448948
0.003579538537155575
-0.0036832463741286853
0.003598360350890169
-0.003694040529066983
0.0036176746972684387
-0.0037039436035391005
0.003636718939746462
-0.0037127048811703123
0.0036559735833145914
-0.0037213974599190187
0.0036760944071907407
-0.0037302144633380428
0.003695544581930234
-0.0037390026320450105
0.0037155204281409224
-0.0037480271893158596
0.0037371185798471627
-0.0037569725071790153
0.0037571709388245496
-0.003765607827916262
0.0037781540796146783
-0.0037739588812960314
0.0037999124457166866
-0.003782306574857539
0.0038250756871255807
-0.0037931097964622853
0.00384544796278541
-0.003799308322367792
0.0038669281826569676
-0.0038046397806076964
0.003886118588768357
-0.0038091080508237582
0.003904692161605119
-0.003814088353353307
0.003922075977598759
-0.003817530211326511
0.00394546674280676
-0.0038228538689637852
0.003960195537061121
-0.0038272289852191
0.003980433237054175
-0.003826012539554536
0.003993581698161396
-0.0038284450346107017
0.004012416742008561
-0.0038263564387099893
0.004025306545198675
-0.003824593090526628
0.004041491554198889
-0.0038239452957529686
0.004055319436763594
-0.003821948539928906
0.004070473892985642
-0.003817976656517582
0.004082307770719329
-0.0038122719530818906
0.004091845260989777
-0.003805928590427501
0.004099742643355239
-0.0037997927451499957
0.004107562299022617
-0.0037941592581551484
0.004117261735653084
-0.003786433334865493
0.00411649313147223
-0.003777206248893624
0.004126497428513609
-0.003763664630790005
0.004126186702778963
-0.0037621237588985066
0.004139396913204022
-0.003753693313471558
0.004135964025278888
-0.003739825603548385
0.004137212351959659
-0.0037291649323017255
0.00413585389968886
-0.0037183523830870585
0.004131282883802623
-0.0037076493149794773
0.004129462745668766
-0.0036985273457581526
0.004127902349328794
-0.003690050818027419
0.004127023536571257
-0.003682265357046051
0.004125423849944804
-0.0036755748321633105
0.004127242931969567
-0.0036675422864950228
0.00412638354543745
-0.0036590606064924795
0.0041275736897854005
-0.0036511337853441747
0.004129961755129329
-0.0036402703096740617
0.00413233617306049
-0.0036269094532856965
0.004132874029591001
-0.003612705319157912
0.004130368315783686
-0.003599888876160143
0.00412766710925535
-0.003582753168151941
0.0041230733400589815
-0.003567323078789172
0.004117020802742383
-0.0035496045508210334
0.00410976295193759
-0.003531863252351132
0.004100154223316397
-0.0035140969589690495
0.004090610457531668
-0.0034951122481720735
0.004074481630652907
-0.0034669442531704356
0.00406529215159732
-0.003464612317141021
0.004056269831238649
-0.0034378346039170646
0.004023146838171688
-0.0034171863021152005
0.004019302576215879
-0.0033884586089926467
0.0040011048793389585
-0.0033546995436922497
0.003976174854291729
-0.0033182035229327458
0.0039446415886769766
-0.003283673807802539
0.003927089620802716
-0.003258522188285754
0.0039113715359137624
-0.003230563666552749
0.003902303903799652
-0.0032252793196427994
0.0038882548843373744
-0.0031853926693432475
0.003875749499129039
-0.0031689207726624895
0.0038595102556019858
-0.0031554750219511284
0.003846420065211197
-0.0031397664150681543
0.0038375525521355223
-0.0031284693383431877
0.003828072805198008
-0.003114725471366309
0.0038188567588025068
-0.0031016489718065023
0.0038061391982867378
-0.0030902778068704726
0.0037947020471970462
-0.003079178360033445
0.0037806079012896116
-0.003067741183066021
0.0037637992524378687
-0.003053680905481011
0.003745268672244242
-0.003037743926063604
0.003725198171942088
-0.0030212876102463405
0.003704014458781415
-0.003004862455300965
0.0036807376662135204
-0.002984919728465563
0.0036534957698991133
-0.0029656011574755083
0.0036247184445196783
-0.0029443681087379563
0.0035961304802851037
-0.00291994842111448
0.003564658237554765
-0.0028948693568926855
0.0035316321114413777
-0.00287073818655696
0.003500357424805925
-0.002845368517121999
0.003463603830981296
-0.002817838269336416
0.0034293374316193065
-0.0027905645754176317
0.003393928957115068
-0.002763076797701341
0.0033566450332188857
-0.0027323574336475445
0.0033193543630265967
-0.002702204839551847
0.003279883437441331
-0.002672260833174201
0.003241206017127985
-0.0026411774964422464
0.0032004015628377407
-0.0026093246169540093
0.0031606734289654904
-0.002576505163667003
0.003120497294259257
-0.002542253119230159
0.003080678344161404
-0.002507135427734011
0.0030413750593708076
-0.002472909887950427
0.0030026787774984245
-0.0024362043981001726
0.0029649414678326953
-0.0023995925906038717
0.0029258291878693737
-0.0023622719746303283
0.002889313991893633
-0.002325944074446449
0.002854340815478618
-0.0022924326984138698
0.0028195542651295057
-0.002260516767544821
0.00278504812040592
-0.002226499636364117
0.0027494800856721425
-0.0021922317351830713
0.002715365798857558
-0.002156854516260644
0.002682488900530228
-0.002122129414749859
0.00264904223927509
-0.0020888020898075224
0.00261805770078355
-0.0020565949371675243
0.002587458361373857
-0.0020264352025944495
0.0025605617213086797
-0.0019962722657168833
0.0025337332583096764
-0.0019658702798579955
0.0025069772240756457
-0.0019351116067388018
0.0024798761936476953
-0.0019072389499018062
0.0024539215745993962
-0.0018787254645942994
0.002426847336544136
-0.0018512880690573818
0.00239974510861077
-0.001822917427470297
0.0023710278277090445
-0.0017959710740863223
0.002347069324229196
-0.0017701215501678051
0.0023248048954083262
-0.0017400551580845681
0.0023008495154510614
-0.001723703565258658
0.0022822350268221566
-0.0016978295796126637
0.0022697337779201718
-0.0016758520887594638
0.0022502556625097563
-0.001651131116831485
0.0022281496329569685
-0.0016275563804209695
0.002203783896218594
-0.0016032965125260708
0.002179260586699858
-0.0015790706046846922
0.0021572204311273414
-0.0015575439836261781
0.0021386318266134914
-0.0015396301118778919
0.0021222983860587834
-0.0015097860208882644
0.0020982573062609893
-0.0014924289279664683
0.002081156321813339
-0.0014721287979903087
0.0020610012169516856
-0.0014533557205395453
0.0020437234561544977
-0.0014319465362968402
0.002028659666439057
-0.001410994751550028
0.0020151263519348826
-0.0013912266504981063
0.0020042336573159866
-0.0013737591042695264
0.0019941951840034442
-0.0013557405706242213
0.001984624474362475
-0.0013377611597780346
0.0019774764491602027
-0.0013249231554074532
0.0019728320836589646
-0.0013095072578286357
0.001965139864353193
-0.0012934651040328034
0.0019570432323987273
-0.0012782152602287898
0.001948895626578815
-0.0012616012112538245
0.001940143315685887
-0.0012462253413659285
0.0019312932346721495
-0.0012310518675742433
0.0019222716128357374
-0.0012163511860324913
0.0019129068578958032
-0.0012015624904655622
0.001902966825038534
-0.001186687493512348
0.0018928706608981128
-0.0011722973353183316
0.0018826522988540876
-0.0011584760147233762
0.0018708449929583273
-0.0011446851316307624
0.0018592030045789971
-0.0011295833970550607
0.0018472589063551646
-0.0011145381850934343
0.0018334979105726218
-0.001099002887033146
0.0018190324592567174
-0.001083889902112315
0.0018037290971449572
-0.0010690899402902869
0.0017878870949218726
-0.0010533311790645948
0.001770791870638119
-0.0010386387518390963
0.001753948683492063
-0.0010233092425486704
0.0017360736734131838
-0.0010075590198401392
0.0017175708049983842
-0.0009913173687818577
0.001698444929647338
-0.0009762834770066233
0.0016801118835779187
-0.0009596248755272431
0.0016601228863455113
-0.0009435716146982371
0.001640065566713659
-0.000926978812304309
0.0016205448501633796
-0.0009105559012036513
0.0016002954992215285
-0.0008943932121677101
0.0015798363327849529
-0.0008781727470536021
0.0015594331719731224
-0.0008619962478432007
0.0015392011659565493
-0.00084453834066763
0.001517789220582242
-0.0008282059657730172
0.00149756297577601
-0.0008116729352609521
0.0014779111807544803
-0.0007944960686411839
0.0014580317833723059
-0.0007769441881006816
0.0014384911108720282
-0.0007596008679423411
0.0014180069882652256
-0.000742702459818685
0.001397351688841347
-0.0007260370629418074
0.001376721988510754
-0.0007094809289265501
0.0013544517588896853
-0.0006919010677341963
0.0013323264288791924
-0.0006740250634967466
0.0013076818104926077
-0.0006562564546348086
0.0012856741638703254
-0.0006382533837992376
0.0012630688961411565
-0.000622938626075212
0.0012419524264465588
-0.0006073310271690504
0.0012173680770601227
-0.0005882547852898207
0.0011925648612424445
-0.0005692546610359235
0.0011703469532792787
-0.0005578276959566022
0.00114807652965531
-0.0005427577425454388
0.0011275512488774044
-0.0005277201325955146
0.001106263093732352
-0.0005127571378146179
0.0010856338049968198
-0.0004992216620747449
0.0010662882156729438
-0.00048463765070449235
0.0010438506701418726
-0.00047044008740076965
0.0010229263422791457
-0.0004568399295227776
0.0010023404280057897
-0.0004436312130757202
0.000981392488067512
-0.00043055839589868953
0.0009605325809077243
-0.0004182355913662715
0.0009396823062220965
-0.0004051305194904215
0.0009185407322513126
-0.00039372492322081417
0.0008995526497254829
-0.0003823694553910024
0.0008802770198210652
-0.0003716362232581397
0.0008587676459264457
-0.00035913495095245176
0.000838486916660841
-0.0003480162889252612
0.000819430556142202
-0.0003365180574263478
0.0008007095092524805
-0.00032536241668775276
0.0007821159514022263
-0.00031490240072480624
0.000763562920827529
-0.00030479683247349826
0.0007450708654646504
-0.0002949469483193927
0.0007268525770660419
-0.00028549303815020906
0.0007087239230477509
-0.0002762283256748477
0.000691135737479863
-0.0002674214636143839
0.0006743634546685288
-0.00025798837673764
0.0006571582120942297
-0.0002495330578282427
0.0006412461269463536
-0.00024092362761049887
0.0006256088524171063
-0.0002324715813401389
0.0006099499549344291
-0.00022302595120531662
0.0005950879286649391
-0.00021424546104946486
0.0005805752504450343
-0.00020540464837502935
0.0005668741672395074
-0.00019623900392207644
0.0005529609439595302
-0.0001872368957137506
0.0005396690594475812
-0.0001780992506990417
0.0005266317879623596
-0.0001688245916356841
0.0005132362990262842
-0.00015858141735891897
0.0005005587213532367
-0.0001491026924402432
0.0004879176416961227
-0.00013788267019871942
0.00047357732630914283
-0.0001236689871095633
0.0004575343068106169
-0.00010828084825734402
0.000438103305010179
-8.343522660891889e-5
0.00041061552372176346
