-0.00010631540196077982
2.063641909121061e-5
-0.00011621117355395394
2.807443349084446e-5
-0.00011812767502642289
2.8407159294051197e-5
-0.00011540428415347145
2.116663768588946e-5
-0.0001206811547315873
4.033401007749206e-5
-0.00012645947235965862
3.7256851682007895e-5
-0.00012371402248739303
4.16192399862073e-5
-0.00013428553412828605
5.188677690106925e-5
-0.00014288394178864057
4.8021621734903226e-5
-0.00014162155446115736
4.663986126824656e-5
-0.00012869183966490437
4.067551733296093e-5
-0.0001607745121240873
5.5638466537823705e-5
-0.00015359285715781326
5.572912314314255e-5
-0.00014505506932833303
5.578960523054534e-5
-0.00014471496841512343
5.701856408078177e-5
-0.0001455544071006664
5.561749127323169e-5
-0.00015039497986546054
5.324619222965005e-5
-0.00015370364269115164
5.442400269879645e-5
-0.00013837416633350096
5.43009141055635e-5
-0.00015599470504731105
6.390230131975303e-5
-0.00016057874709457184
6.439659253066815e-5
-0.0001554363137711331
6.3189119638231e-5
-0.00015363566645093142
6.432647397168205e-5
-0.00015401239560879922
6.426117188309622e-5
-0.00015533129027014547
6.510738467113017e-5
-0.00015847960286120174
6.773946668915e-5
-0.0001637258954732721
7.029386793772481e-5
-0.00016538046645613597
7.134862647754704e-5
-0.0001680850971600217
7.379381556072622e-5
-0.00016569723689554113
7.244037998919544e-5
-0.0001638468504806509
6.995301128009379e-5
-0.00016147246097709218
7.816989506880491e-5
-0.0001759034368625791
8.208314297689582e-5
-0.00017198073143363235
7.913102605944143e-5
-0.00017015890253828327
8.245627742556712e-5
-0.00017163124937770707
8.443923590928804e-5
-0.00017418960886293243
8.481443817202985e-5
-0.00017740632681074686
8.474085698425607e-5
-0.00018078600039411839
8.562316478455094e-5
-0.00018297147898030361
8.66920446745203e-5
-0.000186280078673601
8.729732911013391e-5
-0.0001892733900293322
9.064608287167865e-5
-0.00019256033621978304
9.139897560284078e-5
-0.00019460056408991856
9.333239634657147e-5
-0.0001956981142541487
9.483853754061731e-5
-0.00019583520881370065
9.791506125539907e-5
-0.0001948683405160914
9.868464316300871e-5
-0.00020141333885498826
0.00010116745606750261
-0.00020015398679236912
0.00010230505186156213
-0.00020190422959821241
0.00010468282211709799
-0.00020419743780817734
0.00010395747904832256
-0.000206645683132649
0.00010549600176756409
-0.00020899889905392398
0.00010810868130593614
-0.00021004193033970824
0.0001088899542121472
-0.00021185378500889805
0.00011176788119640999
-0.00021345055781039785
0.00011480570358684674
-0.0002150870471517927
0.00011712030372991869
-0.00021610576723117957
0.00012049830895203081
-0.00021710550132943724
0.00012416641635916496
-0.00021831399438550117
0.00012741036640326813
-0.00021984393457490887
0.00013120276228338216
-0.00022178084788914372
0.00013508430817002218
-0.00022247993186461022
0.00013875122072101764
-0.00022337179294005076
0.00014242539817459264
-0.00022396066857370604
0.00014650865715422166
-0.00022410638191653067
0.0001522831786317
-0.00022533712113829274
0.00015610031782520563
-0.000224600493922541
0.0001603261329280438
-0.00022402294110850514
0.00016782448131124855
-0.00022615953088636569
0.00017045801014738075
-0.0002263826743480673
0.0001729176896379355
-0.0002154677870220909
0.000176004886876159
-0.0002209242049152963
0.0001872390726973849
-0.00022711791212329835
0.00019256886252862882
-0.00022494932912465158
0.0001964363579078005
-0.0002236905845897819
0.00020075184507659384
-0.0002219535418032176
0.00020468718737391383
-0.00022100293206990635
0.00020817147239159174
-0.00022047794521590553
0.00021112196176539856
-0.00021971702613314854
0.0002138980239795738
-0.0002191597536057459
0.0002165463611295766
-0.0002188093416317862
0.0002183264960863981
-0.00021857838811762116
0.00022061365258119447
-0.00021871771636439567
0.00022349123518557856
-0.00021823808262563612
0.0002273217784609178
-0.000218636502101268
0.00023170313516478904
-0.0002190729261835394
0.00023539648985074324
-0.00021846073868653183
0.0002389192250954918
-0.00021753763340013474
0.00024239096702876838
-0.00021646130175323664
0.0002463537760488916
-0.00021552642082352797
0.00025023188124940327
-0.0002146930392095821
0.0002541087950652854
-0.00021344134518013107
0.00025846530345721675
-0.00021180927487035004
0.0002631852859267242
-0.00020979095001143376
0.000267001536414243
-0.00020839653162592513
0.00027158102966463345
-0.00020605704334388214
0.00027579283875036996
-0.00020405565796322633
0.00028009706361143235
-0.00020201835304169377
0.000284412663491067
-0.0002002063235254466
0.00028864545346921603
-0.00019813947692389603
0.0002930310215627294
-0.00019633084825834845
0.0002957686870330449
-0.00019477203460004655
0.0003013753415563304
-0.00019241367531043155
0.0003038649535349836
-0.00018980716480118375
0.000307540188435899
-0.0001876798225860595
0.00031142371432176533
-0.00018561595313574026
0.00031536852230828707
-0.00018360187773974529
0.000318305473976643
-0.00018070475748550836
0.00032197724631959724
-0.0001784390174644369
0.0003251717662585387
-0.0001762674649190935
0.0003279891275566197
-0.00017411250204985766
0.0003309578406046808
-0.00017198502129207508
0.0003336867908405333
-0.00016928712320252377
0.0003358535638690976
-0.00016745685627371257
0.00034430029886141757
-0.00016769881489234398
0.0003402956863134937
-0.00016150935195277246
0.000344094170758487
-0.00016097108582641706
0.0003478370831731543
-0.00015776147243626705
0.0003503975666853862
-0.00015573187916600003
0.0003520112983359461
-0.0001533446029118784
0.00035398638860833213
-0.00015153090526220134
0.0003544072436889708
-0.00014924195990377064
0.0003554934308440646
-0.00014720550363014624
0.00035655734339439904
-0.00014518443156345695
0.0003577448382793791
-0.0001428280797373477
0.00035976739394124306
-0.00014113438743560357
0.00036190572979178005
-0.00013855172671128286
0.0003628295254602491
-0.0001378757683670249
0.00036338769613465096
-0.0001373956987036933
0.00036409520612291896
-0.00013694866857775034
0.0003645458588271682
-0.0001362528577501476
0.00036512428050828574
-0.0001356045015992974
0.0003661624349318062
-0.00013390747940607252
0.00036751295953690627
-0.00013311519491697514
0.0003669236207185726
-0.00013154005239320645
0.00036752896832557857
-0.00012944822621049253
0.00036739628845666885
-0.00012758093816183654
0.0003667744992801739
-0.00012592147629742766
0.0003653405519003984
-0.00012426557500667918
0.00036428774339992433
-0.00012227004071089105
0.0003631118441302126
-0.0001208367918723914
0.0003628122482010962
-0.00011648261863113277
0.0003593664501092787
-0.00011277406946335954
0.00035711304820920285
-0.00010838997938562778
0.00035195648525741563
-0.00010252041614321853
0.00034812738382003353
-9.792788561488998e-5
0.00034112806472410087
-8.877484808265018e-5
0.0003334221898556922
-7.933249504502684e-5
0.00032394353827311373
-5.9659835865255584e-5
0.0002971934148827543
