0.4604122905661016
-0.45129704917775415
0.47750148834453177
-0.4766339576323841
0.47950567013273504
-0.47940270191046574
0.47975922075417354
-0.4797460154041923
0.47979274421340834
-0.47979098312627466
0.4797972970921892
-0.4797970570707331
0.47979792692142437
-0.47979789419904145
0.47979801544952877
-0.4797980114747038
0.47979802881215194
-0.47979802822481665
0.4797980311089048
-0.47979803095929846
0.47979803150598777
-0.47979803142590877
0.47979803154552536
-0.47979803154041084
0.4797980315702995
-0.47979803156561057
0.47979803157758055
-0.4797980316438257
0.4797980315753326
-0.4797980316181877
0.4797980315882322
-0.4797980315923422
0.47979803153940553
-0.4797980315446152
0.47979803155606876
-0.47979803151506206
0.47979803154233364
-0.47979803155239237
0.47979803159399054
-0.47979803157467216
0.4797980316349969
-0.47979803160147266
0.47979803162284806
-0.47979803163795504
0.47979803160797285
-0.4797980316381133
0.4797980315893663
-0.47979803164076645
0.47979803157078016
-0.4797980315929246
0.47979803158143564
-0.4797980315435846
0.4797980315939167
-0.4797980315465876
0.4797980315846628
-0.479798031530664
0.47979803152546224
-0.47979803149580064
0.4797980314932819
-0.47979803147954875
0.47979803145629935
-0.47979803151855055
0.4797980315399191
-0.479798031592866
0.4797980315691798
-0.4797980315583359
0.4797980315362166
-0.47979803159448403
0.4797980315338619
-0.4797980315603782
0.4797980315518903
-0.47979803152615863
0.47979803157888884
-0.4797980315541115
0.4797980316004651
-0.4797980315656502
0.47979803156380235
-0.479798031547132
0.47979803153928624
-0.47979803153461686
0.4797980315366235
-0.47979803159114137
0.47979803148929134
-0.4797980315329763
0.47979803159716267
-0.479798031545069
0.4797980315573863
-0.479798031558433
0.4797980315799926
-0.47979803158657286
0.4797980316247334
-0.47979803160005613
0.4797980316211875
-0.4797980316368308
0.47979803156241
-0.4797980315621883
0.4797980315676428
-0.47979803154126643
0.4797980315366393
-0.47979803155186346
0.47979803154706996
-0.47979803157109296
0.4797980315201781
-0.47979803156747736
0.47979803158138246
-0.4797980315609107
0.47979803158247086
-0.479798031546922
0.47979803154844686
-0.4797980315613038
0.4797980315778385
-0.4797980315576758
0.4797980315307716
-0.47979803156621004
0.4797980315941639
-0.4797980316136664
0.4797980315762029
-0.47979803154333006
0.4797980315666794
-0.47979803155450773
0.47979803158988177
-0.4797980315596119
0.479798031570399
-0.4797980315607165
0.47979803159178186
-0.4797980315469346
0.47979803153786604
-0.47979803154860207
0.4797980315027251
-0.47979803156253065
0.4797980315333695
-0.47979803149868483
0.47979803154719575
-0.4797980315413377
0.4797980315703668
-0.47979803153791944
0.4797980315522535
-0.47979803152272077
0.4797980315667404
-0.479798031538767
0.4797980315606242
-0.47979803160007556
0.47979803156149975
-0.4797980315918582
0.47979803158232276
-0.47979803162506435
0.4797980315667267
-0.47979803161414347
0.4797980315803355
-0.47979803157986567
0.4797980315553718
-0.47979803157920503
0.4797980315703575
-0.4797980316000556
0.4797980316128915
-0.4797980316123421
0.47979803161809925
-0.47979803161673096
0.4797980315982753
-0.47979803156799133
0.47979803159394635
-0.47979803159688567
0.4797980316224835
-0.47979803159165985
0.47979803160639967
-0.47979803159006323
0.4797980315765309
-0.4797980315879271
0.4797980315888561
-0.47979803155451695
0.47979803157966816
-0.4797980315600791
0.47979803156181905
-0.4797980315842976
0.4797980315741059
-0.47979803154479866
0.47979803151367395
-0.47979803154068845
0.47979803150181655
-0.4797980314990512
0.47979803147336564
-0.47979803150242784
0.4797980314850115
-0.47979803151785677
0.4797980315269922
-0.4797980315549772
0.47979803158753587
-0.4797980315433501
0.4797980315756323
-0.47979803158779705
0.4797980316199735
-0.47979803155348943
0.47979803155476436
-0.479798031542591
0.4797980315740007
-0.47979803154063516
0.47979803155680617
-0.47979803155575373
0.47979803154000056
-0.47979803154766293
0.47979803155493506
-0.4797980316447335
0.4797980315767385
-0.47979803155800343
0.47979803156512363
-0.4797980316377941
0.47979803153721506
-0.47979803152800055
0.47979803155194917
-0.47979803153069384
0.4797980315792075
-0.4797980315251535
0.47979803154947337
-0.47979803154458334
0.4797980315506278
-0.47979803150604017
0.47979803153247186
-0.4797980314963529
0.4797980315162319
-0.4797980314977985
0.47979803154738315
-0.4797980315471492
0.47979803153542944
-0.47979803158160583
0.47979803153717426
-0.47979803159766454
0.47979803156004347
-0.4797980315948957
0.4797980315537639
-0.47979803159178835
0.4797980315559247
-0.4797980315281264
0.4797980314889824
-0.47979803151095346
0.4797980314798289
-0.4797980314641735
0.47979803146701905
-0.47979803146699257
0.47979803153152945
-0.47979803154499717
0.47979803152235306
-0.4797980315283515
0.4797980315219709
-0.4797980315123997
0.479798031559986
-0.4797980314938517
0.4797980315476367
-0.47979803153362355
0.4797980315726975
-0.4797980315989875
0.4797980315988238
-0.4797980316205142
0.47979803157242185
-0.4797980315795067
0.47979803157977685
-0.47979803154016903
0.47979803156304646
-0.4797980315299798
0.47979803157584733
-0.4797980315134631
0.47979803151343625
-0.47979803155218265
0.4797980315380396
-0.4797980315555554
0.47979803156176204
-0.47979803155503853
0.47979803156210615
-0.4797980315621514
0.4797980315597541
-0.47979803157330575
0.4797980315314542
-0.479798031582966
0.4797980315970154
-0.47979803160177326
0.47979803159545326
-0.47979803158601947
0.47979803159965173
-0.4797980316214286
0.4797980316082717
-0.4797980316059659
0.479798031620174
-0.4797980316079961
0.4797980316037303
-0.47979803156247236
0.4797980315367183
-0.47979803156005774
0.47979803155322864
-0.47979803154349004
0.4797980315434631
-0.479798031478184
0.4797980315211625
-0.47979803157310963
0.47979803147076644
-0.4797980315369434
0.47979803146992833
-0.47979803154588085
0.4797980315269829
-0.4797980315679082
0.47979803150840256
-0.4797980315262586
0.4797980315409986
-0.4797980315195012
0.4797980315250156
-0.4797980314962836
0.47979803152388883
-0.47979803152668216
0.4797980316184666
-0.4797980315670747
0.4797980316104664
-0.4797980315686117
0.4797980315920553
-0.4797980315647266
0.4797980315308919
-0.47979803153274864
0.4797980314962966
-0.4797980314958927
0.47979803153851264
-0.47979803153168366
0.4797980315063681
-0.47979803151051187
0.4797980315251016
-0.47979803157721784
0.4797980315778999
-0.4797980315257333
0.4797980315400956
-0.4797980315159319
0.4797980314602325
-0.4797980314632793
0.4797980314672082
-0.47979803147966077
0.479798031515548
-0.4797980315070669
0.47979803151915096
-0.4797980315815325
0.47979803155733497
-0.4797980315595872
0.4797980315864514
-0.47979803154937506
0.4797980315600401
-0.4797980315402465
0.4797980315529788
-0.4797980315327714
0.47979803153356715
-0.47979803152316935
0.4797980315492905
-0.4797980315690003
0.47979803153558714
-0.4797980315586126
0.4797980315114637
-0.47979803155070383
0.47979803154728645
-0.4797980315222396
0.47979803155781703
-0.47979803153540856
0.47979803155215406
-0.47979803155653716
0.4797980315890567
-0.47979803159063444
0.47979803156381556
-0.47979803158812495
0.4797980316135153
-0.47979803156867473
0.4797980315349748
-0.4797980315200736
0.4797980315235123
-0.47979803150150097
0.47979803146948974
-0.47979803144195643
0.4797980314580635
-0.47979803149187894
0.47979803148225947
-0.47979803153521633
0.4797980315372244
-0.47979803161582235
0.47979803154556916
-0.47979803155871875
0.4797980315940219
-0.47979803150985634
0.4797980315350137
-0.4797980315109643
0.4797980315063911
-0.47979803150214373
0.4797980314776419
-0.47979803151287115
0.4797980314975329
-0.47979803150278094
0.47979803148410655
-0.47979803151053124
0.47979803154646866
-0.4797980315226491
0.479798031568723
-0.4797980315630879
0.4797980315613902
-0.4797980315785391
0.4797980315579754
-0.47979803156543427
0.47979803155008893
-0.4797980315517449
0.47979803160487
-0.4797980315819632
0.47979803160561485
-0.47979803156798057
0.479798031623343
-0.47979803157439216
0.47979803155525985
-0.47979803154569867
0.47979803151126915
-0.4797980315513455
0.4797980315115706
-0.47979803155723794
0.47979803151010564
-0.47979803153046774
0.4797980315281136
-0.479798031516277
0.4797980315473148
-0.4797980315085722
0.4797980315050265
-0.4797980314999132
0.47979803148394656
-0.47979803155278417
0.479798031510585
-0.47979803152455147
0.4797980315711221
-0.4797980315369004
0.47979803157747647
-0.4797980315691295
0.479798031563791
-0.4797980315338197
0.4797980315345924
-0.4797980315531716
0.4797980315519864
-0.4797980315657309
0.4797980315492884
-0.4797980316054715
0.4797980315974934
-0.4797980316049014
0.4797980316096857
-0.47979803159369205
0.47979803162562534
-0.4797980315296792
0.4797980315809706
-0.4797980315779257
0.47979803158249357
-0.4797980315687996
0.4797980315564131
-0.47979803158933587
0.47979803157121415
-0.4797980315682732
0.47979803152760875
-0.47979803153807044
0.4797980314710506
-0.4797980314444467
0.47979803145100214
-0.47979803142139726
0.4797980315356502
-0.47979803150127526
0.47979803151378186
-0.47979803154894174
0.4797980315450346
-0.47979803159341494
0.47979803153447004
-0.4797980315402498
0.479798031561567
-0.47979803152390155
0.47979803154680967
-0.4797980315218597
0.47979803152211575
-0.4797980315954007
0.4797980315984207
-0.47979803158543605
0.47979803157457285
-0.47979803162706813
0.4797980315500055
-0.4797980315250507
0.4797980315810985
-0.479798031538825
0.4797980315930616
-0.4797980315869497
0.4797980315683166
-0.4797980315659637
0.47979803158997913
-0.4797980315551298
0.4797980315761586
-0.47979803161136203
0.479798031564303
-0.479798031555176
0.47979803158170464
-0.47979803151707556
0.4797980315435309
-0.47979803153212625
0.47979803151810063
-0.4797980315468289
0.4797980315372849
-0.4797980315719391
0.47979803154123407
-0.4797980315902505
0.47979803156772977
-0.4797980315559402
0.4797980315958006
-0.4797980316192917
0.479798031557496
-0.4797980315986822
0.4797980315485089
-0.4797980315775664
0.47979803157094364
-0.47979803153604544
0.4797980315568872
-0.4797980315617341
0.4797980315823873
-0.47979803157596057
0.47979803160967693
-0.4797980315904829
0.4797980316349198
-0.47979803156313117
0.47979803157816037
-0.47979803155769396
0.47979803157055045
-0.4797980315624309
0.47979803150808154
-0.47979803157389916
0.4797980315387614
-0.47979803157802686
0.47979803153706935
-0.4797980315416045
0.4797980315246221
-0.4797980315178273
0.4797980315597139
-0.47979803150317674
0.4797980315325699
-0.47979803153670425
0.47979803154223244
-0.479798031562423
0.479798031536912
-0.4797980315508521
0.4797980316048919
-0.4797980315816194
0.47979803159626944
-0.47979803162075274
0.47979803161439116
-0.4797980315999279
0.4797980315760689
-0.4797980315731999
0.47979803153141126
-0.47979803152500283
0.4797980315213394
-0.4797980315339297
0.4797980315198951
-0.4797980315344976
0.47979803158859025
-0.4797980315763189
0.479798031569209
-0.4797980315373057
0.4797980315521044
-0.47979803149424466
0.4797980315221823
-0.47979803152718203
0.4797980314636875
-0.47979803149910555
0.479798031463398
-0.4797980315307474
0.47979803147956596
-0.4797980314919272
0.47979803148989597
-0.4797980315167504
0.47979803158425843
-0.47979803151325273
0.4797980315605256
-0.4797980315507124
0.4797980316050559
-0.47979803158879564
0.47979803160602513
-0.47979803161105145
0.4797980316001152
-0.47979803163065593
0.4797980315915044
-0.47979803158802237
0.47979803158309525
-0.47979803159135553
0.4797980315740329
-0.4797980315985818
0.47979803158368306
-0.47979803158798345
0.4797980315427762
-0.47979803154209033
0.47979803157918793
-0.4797980315833912
0.4797980315338888
-0.47979803158342504
0.4797980315522463
-0.4797980315624061
0.47979803160166257
-0.47979803154090417
0.4797980316019462
-0.4797980315386265
0.4797980315373647
-0.47979803155869777
0.47979803158458423
-0.47979803154712547
0.4797980315225196
-0.4797980315576717
0.47979803158979356
-0.4797980315620938
0.47979803153826855
-0.4797980315220773
0.47979803157785267
-0.4797980315224406
0.47979803153541895
-0.47979803149118977
0.47979803151401534
-0.4797980315043962
0.4797980314770384
-0.4797980314396283
0.4797980314490915
-0.47979803142249894
0.4797980314143462
-0.47979803148695654
0.479798031488397
-0.4797980315543832
0.47979803149917954
-0.479798031554038
0.4797980315592086
-0.4797980315423832
0.47979803152033046
-0.47979803150581624
0.4797980315314722
-0.4797980315856654
0.4797980315531648
-0.47979803156466383
0.4797980316199303
-0.47979803156431766
0.47979803159013173
-0.4797980315262821
0.4797980315884114
-0.47979803154647477
0.47979803154644796
-0.4797980315045709
0.47979803150955075
-0.4797980315182539
0.4797980315198671
-0.4797980314510397
0.4797980314650862
-0.4797980314699584
0.47979803141257926
-0.47979803150917705
0.4797980314110568
-0.4797980314963804
0.47979803143413813
-0.4797980314919069
0.47979803153063766
-0.4797980315324159
0.4797980315764665
-0.47979803153473755
0.47979803155193057
-0.47979803152672235
0.47979803156002687
-0.4797980315288577
0.47979803152265255
-0.4797980315605625
0.479798031529651
-0.4797980315454871
0.47979803149664685
-0.47979803156313905
0.4797980315812368
-0.47979803155602957
0.47979803159300105
-0.47979803159863843
0.47979803162885576
-0.47979803158449275
0.47979803161674756
-0.4797980315862836
0.47979803155842893
-0.4797980315632549
0.4797980316054733
-0.47979803158549
0.4797980315588899
-0.47979803155917655
0.479798031545264
-0.4797980315747343
0.4797980315670447
-0.47979803151040334
0.479798031511503
-0.4797980314736541
0.47979803155505524
-0.4797980314920905
0.47979803145604033
-0.47979803152915496
0.4797980315238744
-0.47979803154328543
0.47979803155564554
-0.47979803155322154
0.47979803156456363
-0.4797980316146334
0.47979803159315265
-0.47979803161835466
0.4797980316002211
-0.47979803157643947
0.4797980316028626
-0.4797980315549633
0.47979803156487166
-0.4797980315629433
0.4797980315247669
-0.47979803153627987
0.4797980314791153
-0.4797980315188272
0.4797980315215974
-0.47979803151370637
0.4797980315213478
-0.47979803152509415
0.47979803158293854
-0.4797980316076451
0.4797980315710555
-0.479798031566687
0.4797980315579077
-0.47979803147297206
0.47979803152891115
-0.4797980314929881
0.4797980314754522
-0.47979803149121164
0.4797980314918902
-0.47979803157061834
0.4797980315681176
-0.4797980315491598
0.4797980315604619
-0.4797980315720224
0.4797980315621684
-0.47979803155332335
0.4797980315558586
-0.4797980315279992
0.4797980315574088
-0.4797980315651759
0.4797980315545799
-0.4797980315737735
0.4797980314930571
-0.4797980315594808
0.47979803152579736
-0.4797980315690606
0.4797980315366965
-0.47979803153864814
0.4797980315770042
-0.4797980316065051
0.47979803164311186
-0.4797980315621903
0.4797980315715118
-0.4797980315250109
0.4797980315398027
-0.4797980315055179
0.47979803151394884
-0.4797980314810251
0.47979803149957945
-0.4797980315157862
0.4797980315272208
-0.4797980315293801
0.47979803153013384
-0.4797980315779616
0.4797980315687816
-0.47979803158705575
0.47979803155090406
-0.4797980316002127
0.47979803158005324
-0.47979803159299445
0.4797980315989758
-0.47979803157550327
0.4797980315273672
-0.47979803152950706
0.4797980315193427
-0.4797980315449511
0.47979803154369294
-0.47979803150375155
0.4797980315635206
-0.47979803158629997
0.47979803159275436
-0.47979803160178863
0.4797980315871278
-0.4797980315894159
0.47979803156474093
-0.4797980315568876
0.4797980316114217
-0.47979803154710626
0.47979803159006307
-0.4797980315819876
0.4797980315823014
-0.4797980315394294
0.47979803153074946
-0.4797980315051421
0.4797980315435598
-0.4797980315313937
0.47979803150561867
-0.479798031495272
0.4797980315384775
-0.4797980315590229
0.4797980315608231
-0.47979803158554485
0.47979803153855505
-0.4797980315833134
0.47979803157585926
-0.4797980316309341
0.4797980316045479
-0.47979803159079865
0.47979803159288426
-0.47979803158790807
0.47979803157068407
-0.4797980315749211
0.4797980315748087
-0.4797980315600038
0.47979803155352124
-0.47979803155764006
0.47979803156146594
-0.4797980315295129
0.4797980315329833
-0.47979803151991
0.47979803151156913
-0.4797980314969054
0.47979803148270206
-0.4797980314801533
0.4797980315293345
-0.4797980315161121
0.47979803153094747
-0.47979803155139217
0.47979803156307343
-0.4797980315617571
0.47979803152071476
-0.4797980315519033
0.4797980315382321
-0.47979803150426303
0.4797980315294967
-0.47979803148283673
0.47979803152715783
-0.4797980315110198
0.47979803153979594
-0.4797980315098996
0.4797980315022532
-0.47979803150356914
0.4797980314823023
-0.4797980315217601
0.47979803148975364
-0.47979803151444117
0.47979803152257733
-0.4797980315754073
0.479798031557589
-0.47979803160998735
0.4797980315977338
-0.4797980315935689
0.47979803159403317
-0.47979803162451873
0.47979803159235607
-0.47979803159154694
0.4797980315842181
-0.4797980316008824
0.47979803159531914
-0.47979803160124723
0.47979803154281075
-0.4797980315995484
0.47979803156120576
-0.4797980315349547
0.4797980315341184
-0.47979803148274147
0.4797980315133249
-0.47979803149416284
0.479798031495319
-0.47979803151702743
0.4797980315241354
-0.4797980315467164
0.4797980315584067
-0.47979803153205225
0.4797980315407226
-0.4797980315758126
0.4797980315603191
-0.4797980315271488
0.47979803153295625
-0.47979803151363065
0.47979803157395207
-0.47979803155543915
0.4797980315535165
-0.47979803155914946
0.47979803157163975
-0.47979803159202894
0.4797980315555495
-0.4797980315576476
0.4797980315474186
-0.479798031536541
0.4797980315988055
-0.4797980315898971
0.47979803159992995
-0.47979803162479445
0.479798031619462
-0.4797980315818003
0.47979803155827033
-0.4797980315257892
0.47979803153914535
-0.47979803146942684
0.47979803146983935
-0.4797980314497498
0.4797980314696786
-0.479798031487527
0.47979803146518085
-0.47979803151415007
0.47979803148852973
-0.4797980315392771
0.47979803157304907
-0.47979803153118117
0.47979803159529355
-0.4797980315766455
0.479798031609389
-0.47979803156823375
0.4797980315841402
-0.4797980315796679
0.47979803158335255
-0.4797980316001587
0.4797980315669443
-0.4797980315634703
0.4797980315599618
-0.4797980316117415
0.47979803154020567
-0.4797980315719487
0.4797980315356686
-0.4797980315081762
0.47979803156765805
-0.47979803149939027
0.47979803152827855
-0.479798031480001
0.47979803151147243
-0.47979803154797324
0.47979803156106204
-0.47979803157834783
0.4797980315284521
-0.47979803154737966
0.47979803148608174
-0.4797980315147801
0.4797980315321039
-0.47979803148174993
0.4797980314707979
-0.47979803150028
0.47979803153393286
-0.479798031544332
0.4797980314993141
-0.47979803149746947
0.4797980315131187
-0.47979803152969813
0.47979803153481465
-0.4797980315462953
0.4797980315453569
-0.47979803153734624
0.4797980315540855
-0.4797980315029001
0.4797980315240259
-0.4797980315371056
0.47979803152491574
-0.4797980315460051
0.4797980315726672
-0.4797980315930565
0.4797980315838511
-0.47979803153584827
0.4797980315575902
-0.47979803149821654
0.47979803154539813
-0.47979803155307754
0.47979803149204364
-0.47979803154480904
0.47979803153969686
-0.4797980315434605
0.47979803156036305
-0.47979803155484335
0.47979803155558104
-0.47979803157216355
0.47979803156897805
-0.4797980315745677
0.47979803158681966
-0.4797980315595874
0.4797980315246182
-0.47979803152475536
0.47979803149458766
-0.4797980314863115
0.4797980315561875
-0.47979803150051936
0.4797980315307993
-0.4797980315116478
0.4797980314705833
-0.4797980314740352
0.47979803143898087
-0.4797980315052401
0.47979803097702045
-0.47979803110361835
0.4797980280212975
-0.479798028509646
0.4797980110974782
-0.47979801492271446
0.4797978938350822
-0.47979792643654495
0.47979705719516175
-0.4797972972839236
0.47979098306234425
-0.47979274478061923
0.47974601571591213
-0.47975922091325784
0.4794027020017529
-0.47950567002379973
0.476633957551784
-0.4775014878368562
0.4512970486209897
-0.46041229052290233
