-0.4604122906595143
0.4512970491771919
-0.47750148840098583
0.476633957686574
-0.4795056701792254
0.4794027019634136
-0.4797592207996406
0.47974601544762147
-0.4797927442237025
0.47979098306135154
-0.4797972971926672
0.47979705724388955
-0.4797979269360688
0.4797978942297902
-0.47979801541879424
0.47979801146736517
-0.47979802885802786
0.47979802818779343
-0.47979803106186275
0.4797980309432906
-0.47979803144916383
0.4797980314714839
-0.4797980314741518
0.47979803154566764
-0.47979803150939526
0.4797980315662195
-0.4797980315430072
0.4797980316211699
-0.4797980315873456
0.4797980315820353
-0.4797980315456699
0.4797980316075225
-0.47979803157727435
0.47979803153860345
-0.47979803153872613
0.47979803155044193
-0.4797980315658731
0.4797980315613989
-0.4797980315888762
0.4797980315009086
-0.47979803157219386
0.47979803154583023
-0.47979803163023416
0.4797980315805663
-0.4797980315915495
0.479798031583541
-0.4797980316275864
0.47979803159986245
-0.47979803154628003
0.4797980315328331
-0.4797980315375444
0.4797980315573431
-0.47979803154895995
0.4797980315809278
-0.47979803154618866
0.4797980315869498
-0.4797980315972262
0.4797980315634922
-0.4797980315657746
0.47979803155285555
-0.479798031599275
0.4797980315873105
-0.4797980315830192
0.4797980315647953
-0.4797980315796825
0.4797980316289986
-0.4797980315595489
0.4797980316066768
-0.47979803156041645
0.47979803154502176
-0.4797980315266846
0.4797980315197007
-0.47979803153593215
0.4797980314787056
-0.4797980315342206
0.47979803148324546
-0.4797980315423338
0.4797980315223272
-0.4797980315354913
0.4797980315347832
-0.4797980315999957
0.4797980315658875
-0.47979803153739226
0.4797980315832333
-0.4797980315276269
0.47979803157083456
-0.47979803153518946
0.47979803159561224
-0.4797980315828654
0.4797980316293259
-0.47979803158210843
0.47979803158711737
-0.4797980315920391
0.4797980315964308
-0.4797980315788813
0.4797980315354775
-0.4797980315755228
0.4797980315490407
-0.4797980315845564
0.47979803155731277
-0.47979803161521
0.47979803156084067
-0.47979803158000056
0.4797980315731901
-0.4797980315449369
0.4797980315897609
-0.4797980315559245
0.4797980315669099
-0.4797980315746127
0.47979803158409595
-0.4797980315808708
0.4797980315981531
-0.4797980315788784
0.4797980315370815
-0.4797980315355874
0.47979803149275707
-0.4797980314867151
0.4797980315260739
-0.47979803147466943
0.4797980315437339
-0.4797980314949709
0.47979803152160444
-0.47979803157274703
0.479798031567109
-0.47979803161020895
0.47979803157125905
-0.47979803155517126
0.4797980315797122
-0.47979803160581996
0.47979803149443395
-0.47979803149982164
0.47979803148519734
-0.4797980314976724
0.47979803153185246
-0.47979803150338574
0.47979803151097306
-0.47979803157008954
0.47979803155363937
-0.47979803157206136
0.4797980316174736
-0.47979803159596013
0.4797980316291124
-0.47979803164973756
0.4797980316373872
-0.4797980316283724
0.47979803157179596
-0.4797980315932181
0.4797980315587711
-0.47979803153424144
0.47979803157848777
-0.479798031552624
0.4797980316255481
-0.4797980315270848
0.4797980315111641
-0.47979803152587064
0.4797980315694801
-0.4797980315942687
0.4797980315559074
-0.47979803154938855
0.47979803152808825
-0.479798031577548
0.47979803154242723
-0.47979803151165534
0.47979803155806366
-0.47979803148327616
0.4797980315412585
-0.4797980316046315
0.47979803159258555
-0.4797980315832975
0.47979803156991185
-0.47979803162011025
0.47979803158024026
-0.4797980315998611
0.4797980315889191
-0.4797980315734246
0.4797980315307135
-0.47979803154546535
0.47979803150076106
-0.47979803154085643
0.4797980314948505
-0.47979803147292294
0.47979803153014117
-0.4797980315180517
0.4797980315328959
-0.47979803152100375
0.4797980315161112
-0.4797980315352445
0.4797980315390915
-0.4797980315485877
0.479798031521675
-0.47979803157414563
0.47979803157509293
-0.4797980315223822
0.47979803152029243
-0.47979803150778455
0.47979803158494116
-0.4797980315131581
0.4797980315522497
-0.47979803159430445
0.4797980315588724
-0.4797980315447711
0.47979803151725076
-0.4797980315399591
0.4797980315573517
-0.47979803156154593
0.47979803153614636
-0.4797980315335118
0.47979803157891504
-0.4797980315371853
0.47979803152843054
-0.47979803154116313
0.47979803149975814
-0.4797980315815014
0.47979803152730666
-0.47979803157549195
0.4797980315002582
-0.47979803157670003
0.47979803153582945
-0.47979803156979434
0.47979803158156165
-0.47979803153561895
0.47979803158899437
-0.47979803150556805
0.4797980315763524
-0.47979803153271616
0.4797980315662819
-0.47979803153885914
0.47979803152491707
-0.4797980315677782
0.4797980315506662
-0.4797980315718218
0.4797980316053137
-0.47979803153655587
0.4797980315802599
-0.47979803152789124
0.4797980315438893
-0.4797980315776426
0.47979803156923034
-0.47979803156416073
0.47979803158890777
-0.47979803159183093
0.4797980315719156
-0.4797980315418704
0.47979803157298323
-0.47979803156354345
0.47979803156045997
-0.47979803152494677
0.4797980315674224
-0.47979803158088524
0.4797980315565616
-0.47979803159651846
0.47979803156808387
-0.4797980316151177
0.47979803157799944
-0.47979803158309386
0.4797980315772777
-0.47979803153812123
0.4797980314979711
-0.4797980315219039
0.479798031527027
-0.47979803150480826
0.47979803155093714
-0.4797980315398778
0.47979803157701123
-0.4797980316699251
0.47979803158693557
-0.4797980315542247
0.47979803150852435
-0.4797980315183303
0.47979803150691896
-0.47979803150035377
0.47979803151921857
-0.47979803155735135
0.47979803160643936
-0.4797980316178956
0.47979803160155016
-0.4797980316009709
0.4797980315690479
-0.47979803147806416
0.47979803147196864
-0.47979803095505186
0.47979803111862007
-0.4797980280524177
0.47979802848594333
-0.47979801112712195
0.47979801496438906
-0.4797978938921301
0.4797979264541693
-0.47979705712472853
0.47979729728799664
-0.47979098307239965
0.4797927447783329
-0.4797460157124039
0.4797592209106738
-0.479402701997935
0.4795056700209473
-0.4766339575365418
0.4775014878236784
-0.45129704862037723
0.4604122905126846
