0.0006301420349305309
-0.0001248294953369103
0.0006822005089553995
-0.0001624841984003149
0.0006921479100171021
-0.00016963598317733383
0.0007520645821530694
-0.0002267221257924106
0.0007245908973703735
-0.00017205977157242118
0.0007992419119562938
-0.0002420237213342351
0.0007857948711166442
-0.00030097022125474333
0.0007817717230085011
-0.00027983557529074807
0.0008138333204750493
-0.000272900982146316
0.0008196444629561923
-0.0002754501462681875
0.0008138878790733052
-0.00027237123943569066
0.0008254690679384619
-0.00029591973521728886
0.0008360040962863435
-0.00025772753180913354
0.0008521173164120125
-0.0002759144270068853
0.0008655192439398695
-0.0003209897218326649
0.0008627343280383801
-0.00029948419188351936
0.0008741255807611228
-0.00031499748163846665
0.0008826476765641631
-0.00032903185003844315
0.0008861696039364442
-0.0003344575800990244
0.0008923230029730576
-0.00033605035540320113
0.0009001940106907983
-0.0003368900227569043
0.0009068621796319397
-0.0003369992465033227
0.0009143787723795627
-0.00033887770051254724
0.0009207735642496517
-0.0003397044047729808
0.0009269333711369559
-0.0003440695468344101
0.000929597714084481
-0.0003475258771215091
0.0009397314965562889
-0.00035561671835450875
0.000946154021308803
-0.00036550806318819763
0.0009517106197442353
-0.0003701968383275929
0.0009474770060563254
-0.0003835480024512409
0.0009544348589948939
-0.00039085472020511814
0.0009635070545690249
-0.0003919155470855357
0.0009633840293404023
-0.00041085418548286295
0.000964761480240294
-0.00042023229569174256
0.0009640206908879157
-0.00041886320454893476
0.0009641656806318436
-0.0004160525268429012
0.0009614007839189738
-0.00041479454664605276
0.0009600432431745213
-0.0004192665041237794
0.0009572316877541453
-0.0004231343379739903
0.0009520389618422211
-0.00042966889016957967
0.0009485508445205662
-0.000440425320862018
0.0009461634092802956
-0.00045291440931370425
0.000942724846108466
-0.0004658682596275395
0.0009403096017631793
-0.00047957413017846916
0.0009386651348792167
-0.0004935033645750417
0.0009381911095178614
-0.0005092433980756106
0.0009364872348787822
-0.0005258254841604792
0.0009352202994846343
-0.0005408359270896994
0.000934774817260289
-0.000557626051324249
0.0009359824565690065
-0.0005732573962524306
0.0009370431623704535
-0.0005890694298908261
0.0009388178058325494
-0.0006040165910121677
0.0009416241335044583
-0.000620081149551326
0.000944263542033815
-0.0006380836678086561
0.0009464243199045831
-0.0006542818458783936
0.0009495006647585096
-0.0006711330767035601
0.0009546768671815222
-0.0006875595043233167
0.0009596336704174535
-0.0007015079058268686
0.000967427764220527
-0.0007167275316347849
0.0009723028085964227
-0.0007326534828297691
0.000978307672552691
-0.00074752406417305
0.0009873492163743293
-0.000761528770028722
0.0009955540132553374
-0.000776852508673278
0.0010021157125397159
-0.000790331339163329
0.0010110167564251927
-0.0008035669096697525
0.001019316521097772
-0.0008168522987806298
0.0010274527435455941
-0.0008278731754809295
0.0010365353532124073
-0.0008404965601408447
0.0010448846174934646
-0.0008509542949970284
0.0010537611569193005
-0.0008592503071908865
0.001062902904597704
-0.0008700583682967223
0.001073345869800615
-0.0008767718849408186
0.001080278729918993
-0.0008871072240791158
0.0010900014848736685
-0.0008930312319438374
0.0010974629048705203
-0.0009008693842915296
0.0011048241944618066
-0.0009088174253426984
0.0011136751314736908
-0.0009160981163537596
0.0011237214868419514
-0.0009254877219900035
0.0011320309211292215
-0.0009311753465287988
0.0011399893373882576
-0.0009360844860356737
0.0011493225719110183
-0.0009435452384044605
0.0011591573304920218
-0.0009506798981695853
0.0011687996710110647
-0.0009588712208666506
0.0011788775075998066
-0.0009666714758869857
0.0011888831673626831
-0.0009731510464487145
0.001196059836317754
-0.0009815256741985932
0.0012048242804564519
-0.0009883488547491423
0.001212118832170837
-0.0009961722205074164
0.001220716987435547
-0.0010017011659315448
0.0012284743381499243
-0.0010079339282753085
0.001236882352222284
-0.0010129061860509484
0.0012457148839984872
-0.0010166800897207133
0.0012535126549688925
-0.001022724786320647
0.0012625161665270964
-0.0010254661638267452
0.0012703411408365097
-0.0010304075195239628
0.0012767210899029611
-0.0010376088352559846
0.0012829958518403718
-0.0010405043656569982
0.0012860949952586337
-0.0010433881538433345
0.0012906865324593727
-0.0010478652461552301
0.0012992820167127838
-0.0010526802424194461
0.0013055144937823527
-0.0010566870172584808
0.001313701109071185
-0.00105949848155308
0.0013210291452123838
-0.0010610012057980095
0.0013290689685069702
-0.0010651507334430213
0.0013372664206097395
-0.001069081653307582
0.0013440850640233245
-0.001072774796994805
0.0013509810766431907
-0.001076452997301348
0.0013595415492319593
-0.0010793204760725273
0.0013677483860278577
-0.001082319572202047
0.0013728107111279657
-0.001085340322005684
0.0013800031783968384
-0.0010903012635884246
0.0013918945909122105
-0.0010992375802007818
0.001399577497397605
-0.0011068508891009727
0.0014046044946239504
-0.001109499962451143
0.0014105819017762907
-0.0011170814383804602
0.001420054187919748
-0.0011254605493050997
0.001428593801651843
-0.0011341957963226486
0.001436584447618339
-0.001142779548572082
0.0014438937882814543
-0.0011502865872431744
0.001452691484186533
-0.00115647193281983
0.0014611186580954217
-0.0011643521933004965
0.0014698188825023517
-0.0011731266862584787
0.0014774174366335594
-0.0011819376457773878
0.0014852512611387393
-0.0011908317179255103
0.001493624967738722
-0.0011993156771194606
0.0015011859371770622
-0.0012097152817459472
0.0015104720886784718
-0.0012213278923081266
0.0015216304952953247
-0.0012314590509907128
0.0015308791412344345
-0.0012448716256227804
0.0015406330695415386
-0.0012568667024073507
0.0015517486347750434
-0.0012673154294242485
0.0015622948286942253
-0.00127922487005989
0.0015747282273789178
-0.0012908219213510859
0.00158832064213135
-0.0013037884927047962
0.0016011300110439775
-0.0013155150659185197
0.0016127458139705644
-0.0013272751412415629
0.0016245858758135799
-0.0013373766531638673
0.0016345661284171698
-0.0013472701894615556
0.0016477035823355395
-0.0013557291110263504
0.0016586142708770967
-0.0013664208371553215
0.0016710072431222402
-0.001376194069972598
0.0016820781809010377
-0.001386410288919329
0.00169442836033953
-0.0013980419591824752
0.0017064468164659811
-0.0014088083353491407
0.0017164612510277737
-0.0014182293669838598
0.0017281422331007009
-0.001429168177307257
0.0017362930072985768
-0.0014370910571512494
0.0017450142564297499
-0.0014457791191806863
0.0017545436607948523
-0.0014560392578080188
0.0017627736486832653
-0.0014650235048704855
0.0017717418728406512
-0.0014755045763263155
0.0017795382888782844
-0.00148489472645474
0.0017866448974142649
-0.0014931538788099605
0.0017952487073518589
-0.00149982503203422
0.0018015023793063198
-0.0015161558636535687
0.0018069512736409738
-0.001521461092064563
0.0018083305475769592
-0.001530480113730745
0.0018241053942755119
-0.001540941426447446
0.0018233298908111404
-0.001540741392518991
0.0018248191473528637
-0.0015483646430738702
0.001821517829308256
-0.001551149796043044
0.0018222860066959051
-0.0015528694939190863
0.0018248678006459562
-0.0015475541612235643
0.0018286249219243993
-0.001547894579554769
0.0018353166898937292
-0.001551019702185612
0.001841422170568907
-0.0015537331413968496
0.0018469835333713856
-0.0015574926783980508
0.0018495403821888528
-0.001560950885042805
0.0018501692158655076
-0.0015576233588167421
0.0018603685199218456
-0.0015714869898914197
0.0018589133302990824
-0.0015799363585599635
0.0018586683133061462
-0.0015924423124569814
0.0018565077419769583
-0.0015956356721024015
0.001852686772014662
-0.001602898230225764
0.0018494028794886221
-0.0016104218627570309
0.0018442699152887373
-0.0016172038965594072
0.0018370598566065865
-0.0016243956455271095
0.00183214540573116
-0.0016326909341384031
0.0018239554933855602
-0.0016412387678603772
0.001816057109167146
-0.0016485459784731406
0.0018072587903306227
-0.0016564943745095103
0.0017975245436896018
-0.0016650052054549048
0.0017853792021482644
-0.0016727459260361573
0.0017724442854365702
-0.0016787951140982982
0.00175891316410819
-0.0016851544970313572
0.0017456217603354575
-0.0016911416418739307
0.001728660642945506
-0.0016972707631520744
0.0017107994376294935
-0.0017010892927487946
0.0016886541800694393
-0.0017089741908890303
0.0016679859194977482
-0.0017149469272401705
0.0016469261981759539
-0.0017195793833353855
0.0016220507837416515
-0.0017227770067878188
0.001597385660082985
-0.0017259306073824459
0.001571988834499131
-0.0017337791682157995
0.0015449718036837509
-0.0017383384748597143
0.001520248655424898
-0.0017395376688284193
0.0014890223803345419
-0.0017355527672955368
0.0014625175308273833
-0.001740185816834917
0.001430878927485033
-0.0017364526576733967
0.001402442875266785
-0.0017343317361930123
0.001374615596750236
-0.0017328051562248948
0.0013445475791004542
-0.0017317413201538504
0.0013162537083381601
-0.0017305863765408685
0.0012880700487262805
-0.0017279478950129868
0.0012601404286891119
-0.0017263743688229595
0.0012326606454196205
-0.0017237086045994118
0.001205920991923232
-0.0017223206314081264
0.0011803454961913967
-0.0017222447864452374
0.0011574630828721218
-0.001720249399804158
0.0011305950046323079
-0.0017157683858008501
0.0011058720005783988
-0.001713756563414777
0.0010837476356171055
-0.0017128157262057847
0.001055632046668233
-0.0017076681291665276
0.001033618577111714
-0.0017037669771321794
0.0010098728116598996
-0.0016988880481279846
0.0009854778818814594
-0.0016929165170096094
0.0009623186661860281
-0.0016856122129120994
0.0009392341637451757
-0.0016764929703461024
0.0009170520828285128
-0.0016666256716516338
0.0008937368730046202
-0.00165664236607991
0.0008706913967365233
-0.0016452723676364629
0.0008481763137000273
-0.0016340801134399358
0.0008229307864781059
-0.0016177886180264577
0.0007981207212333463
-0.0015989717765289497
0.0007741612055192608
-0.0015796358627326742
0.0007527534458491904
-0.0015641100516745987
0.0007314752876261116
-0.0015440715552012773
0.0007122307821555049
-0.0015254347038449302
0.0006942899503800569
-0.001504032506064417
0.0006756274142343803
-0.0014828571619505296
0.0006564331714856075
-0.0014624268747819096
0.0006380746791257936
-0.0014417500609927437
0.0006201686555065277
-0.001421441108747465
0.0006027223988055267
-0.0014016776640439006
0.0005853915702855188
-0.0013810263557540426
0.0005671310357869436
-0.0013610757102438132
0.0005483301684916104
-0.001340550905132604
0.0005293385125257928
-0.0013204600825919854
0.0005089656894082872
-0.0012970387743154968
0.00048635684119192814
-0.0012759452341816009
0.00046055912714238015
-0.0012590176752921252
0.0004437561822122173
-0.0012376678666087776
0.000423200018092097
-0.0012238401715232838
0.000400453270719533
-0.0012024282537395523
0.0003802607409676554
-0.001180399650800054
0.00035614487692288004
-0.0011574420588083868
0.00032932770472856085
-0.0011310068202481714
0.0002961094525511629
-0.0010972043300159764
0.00025633704503804196
-0.0010534202489456412
0.00019578227059882658
-0.0009770998038425016
