-0.4604122905631099
0.4512970491780339
-0.47750148834290407
0.47663395763140487
-0.47950567013168677
0.47940270191203727
-0.4797592207561956
0.47974601541327166
-0.4797927442129032
0.47979098308770257
-0.47979729710352353
0.4797970570379454
-0.4797979269148909
0.4797978941991066
-0.4797980154520828
0.47979801148976065
-0.47979802886365414
0.47979802830050344
-0.4797980311082766
0.4797980309873993
-0.4797980315013764
0.47979803149053585
-0.47979803156440975
0.47979803157753376
-0.47979803159093537
0.479798031583318
-0.4797980315946305
0.479798031586723
-0.47979803160834644
0.47979803156790096
-0.4797980316075097
0.47979803154622636
-0.4797980315481418
0.4797980315475585
-0.4797980314972401
0.47979803154596384
-0.479798031551917
0.479798031536133
-0.47979803154369227
0.4797980315708889
-0.4797980315429051
0.4797980315510178
-0.47979803158044126
0.47979803152466255
-0.47979803156826734
0.47979803158775775
-0.47979803154829265
0.47979803159086215
-0.47979803152828826
0.47979803155390094
-0.47979803153228456
0.4797980314959603
-0.47979803150137135
0.4797980314681247
-0.4797980314766663
0.47979803157314654
-0.47979803155781625
0.47979803156752354
-0.4797980316196209
0.4797980315886387
-0.47979803160850537
0.479798031596724
-0.4797980315723345
0.47979803160784384
-0.4797980316036815
0.47979803163318235
-0.47979803157828066
0.47979803163152984
-0.47979803159358886
0.479798031566271
-0.4797980315768877
0.47979803160050705
-0.4797980315872518
0.4797980316064488
-0.4797980315790539
0.4797980315884215
-0.47979803156670103
0.4797980315475244
-0.4797980315907334
0.4797980315537126
-0.47979803157983725
0.4797980315475752
-0.47979803154202055
0.47979803151846534
-0.47979803154918427
0.47979803153183753
-0.47979803152311123
0.47979803152516776
-0.4797980315103295
0.4797980315529323
-0.47979803149031275
0.47979803154697886
-0.47979803152188727
0.47979803153956607
-0.4797980314782491
0.4797980314824596
-0.47979803150374145
0.4797980314752218
-0.4797980315314616
0.47979803151129946
-0.47979803152012906
0.47979803152972755
-0.479798031604376
0.4797980316015128
-0.4797980315809945
0.4797980315554574
-0.4797980315583416
0.4797980315448486
-0.47979803148683964
0.47979803149926686
-0.47979803148631
0.4797980314388911
-0.47979803149872685
0.47979803145675276
-0.4797980315385889
0.47979803155337253
-0.47979803150683287
0.4797980315820482
-0.4797980315979958
0.47979803158170997
-0.47979803157013406
0.4797980315472353
-0.4797980315328792
0.4797980315456712
-0.4797980315205701
0.47979803150676764
-0.47979803148395145
0.4797980314874885
-0.47979803153626943
0.4797980315074588
-0.47979803157561945
0.47979803154237805
-0.4797980315773725
0.47979803158379464
-0.4797980315807684
0.47979803157244805
-0.4797980315791704
0.47979803154014505
-0.47979803155473255
0.4797980316016676
-0.47979803154064943
0.47979803158909434
-0.47979803152654427
0.47979803154830086
-0.479798031550898
0.4797980315812048
-0.4797980315608577
0.4797980315592477
-0.4797980315868807
0.4797980315716519
-0.47979803159354456
0.4797980315282156
-0.4797980315029444
0.47979803150868056
-0.4797980314624909
0.47979803150757794
-0.47979803144057204
0.47979803143698285
-0.47979803149737404
0.47979803146632627
-0.4797980315550726
0.47979803152014194
-0.47979803152224043
0.4797980315656406
-0.4797980315976619
0.4797980315672957
-0.4797980315556239
0.4797980314976409
-0.47979803155528555
0.4797980315680813
-0.4797980315186807
0.4797980315396865
-0.4797980315647705
0.4797980315651585
-0.47979803156842793
0.4797980316278222
-0.4797980315617618
0.4797980315806196
-0.4797980315638226
0.47979803155751827
-0.4797980315339165
0.47979803155781675
-0.4797980315615622
0.47979803154005773
-0.47979803156932244
0.4797980315980201
-0.47979803161040985
0.47979803161715
-0.47979803157127343
0.4797980315718924
-0.4797980315493532
0.47979803155806705
-0.479798031541405
0.4797980315133223
-0.4797980314973559
0.47979803151858785
-0.4797980315324532
0.47979803155598877
-0.47979803155830403
0.4797980315284985
-0.47979803158060735
0.4797980316099603
-0.4797980315918506
0.47979803156477147
-0.4797980315817746
0.47979803153371975
-0.47979803157701456
0.4797980315587395
-0.4797980315142936
0.4797980315190277
-0.4797980315233226
0.47979803153691647
-0.4797980315315265
0.4797980314905796
-0.4797980315362988
0.4797980315644156
-0.4797980315284461
0.4797980315461862
-0.47979803152898626
0.4797980315292626
-0.47979803151411266
0.4797980315227179
-0.4797980315052112
0.47979803152984823
-0.47979803150723316
0.47979803154778605
-0.4797980315884768
0.4797980315701387
-0.4797980315850381
0.4797980315749952
-0.4797980316288451
0.4797980316137681
-0.47979803158940343
0.4797980315273614
-0.47979803155815753
0.47979803155520806
-0.47979803153890455
0.47979803154907846
-0.4797980315345226
0.4797980315524762
-0.47979803157520917
0.4797980315607027
-0.4797980315793572
0.47979803153712913
-0.47979803155875655
0.4797980315785547
-0.47979803156053236
0.4797980316078313
-0.47979803154748685
0.479798031564522
-0.47979803154567496
0.47979803156472567
-0.4797980315422329
0.47979803152188594
-0.4797980315475155
0.47979803153752304
-0.47979803153681205
0.4797980315296929
-0.47979803156846496
0.4797980315364107
-0.4797980315539993
0.4797980315342869
-0.4797980315539975
0.47979803155791695
-0.4797980315831314
0.4797980315741495
-0.47979803157298145
0.47979803158916257
-0.47979803158956486
0.4797980315824052
-0.47979803161088436
0.4797980315636185
-0.47979803158962064
0.47979803160767664
-0.47979803155469686
0.4797980315583737
-0.47979803151843015
0.4797980315203218
-0.47979803157031997
0.47979803153595774
-0.47979803152933775
0.47979803154671186
-0.47979803156224454
0.47979803157013456
-0.4797980314985329
0.4797980315363309
-0.4797980315046125
0.4797980315504667
-0.47979803150923245
0.47979803147903377
-0.47979803152140316
0.4797980315013455
-0.47979803152831046
0.47979803149250444
-0.47979803154764056
0.4797980315311542
-0.4797980315878071
0.4797980315281083
-0.47979803158251305
0.4797980315698887
-0.4797980314647249
0.47979803158356404
-0.4797980315040559
0.47979803158731255
-0.4797980315532992
0.47979803161454876
-0.47979803157630324
0.4797980316031161
-0.4797980315217657
0.47979803151343253
-0.47979803157165096
0.47979803145929933
-0.47979803152235206
0.47979803147260025
-0.4797980315060067
0.47979803154429934
-0.47979803151310585
0.4797980315365624
-0.47979803159580464
0.4797980315813376
-0.4797980316028203
0.47979803161205614
-0.4797980315539258
0.4797980315684088
-0.47979803156690315
0.4797980315487897
-0.4797980315196128
0.4797980314830259
-0.4797980315566324
0.47979803151515066
-0.4797980314799764
0.4797980314846827
-0.47979803149547556
0.4797980315074185
-0.47979803148333844
0.47979803152826794
-0.4797980314705736
0.4797980315570902
-0.4797980315101292
0.47979803146333805
-0.47979803145790095
0.4797980314764662
-0.4797980315131118
0.47979803151639716
-0.4797980315235229
0.4797980315312799
-0.479798031640461
0.4797980316245683
-0.4797980316029927
0.4797980316329216
-0.479798031564657
0.4797980315741734
-0.47979803153444356
0.47979803155537937
-0.47979803159543555
0.47979803155470013
-0.47979803160690876
0.4797980315373249
-0.47979803158527395
0.4797980315599144
-0.4797980315231489
0.47979803147629035
-0.4797980315036062
0.4797980315366972
-0.47979803149460787
0.47979803151305034
-0.47979803151038913
0.4797980315303343
-0.4797980315656541
0.47979803154674305
-0.4797980315238564
0.4797980315528747
-0.4797980315260943
0.4797980315669894
-0.4797980315981347
0.4797980316115134
-0.479798031596058
0.4797980315956591
-0.47979803161646417
0.4797980316470679
-0.47979803161141515
0.47979803161864526
-0.47979803157676093
0.47979803159735046
-0.4797980315901929
0.47979803154467415
-0.47979803157438955
0.4797980315077675
-0.47979803159528905
0.47979803154481365
-0.4797980315412237
0.4797980315352243
-0.4797980315129484
0.47979803154208417
-0.479798031538021
0.4797980315244597
-0.4797980314945717
0.47979803149520334
-0.47979803143272265
0.47979803148221095
-0.4797980314652153
0.4797980314594212
-0.47979803147624084
0.4797980314792671
-0.47979803150882755
0.479798031550903
-0.4797980315590527
0.47979803152185857
-0.4797980315379297
0.47979803157235784
-0.4797980315914081
0.4797980315842141
-0.47979803155826367
0.47979803161069806
-0.4797980315574884
0.4797980316117461
-0.47979803156699136
0.4797980315419042
-0.4797980315090245
0.4797980315405346
-0.47979803154857253
0.4797980314854052
-0.47979803146809774
0.479798031475332
-0.4797980315532297
0.47979803151277534
-0.4797980315237104
0.47979803154460965
-0.4797980315736552
0.47979803152758094
-0.4797980315689152
0.4797980315157914
-0.47979803154931894
0.4797980315763324
-0.4797980315132569
0.47979803154306794
-0.47979803153552447
0.4797980314899506
-0.47979803148746636
0.4797980315407482
-0.47979803153944023
0.4797980315687667
-0.47979803156867995
0.47979803153380884
-0.47979803155613887
0.47979803158993534
-0.4797980315562634
0.47979803152141914
-0.4797980315399929
0.47979803152679257
-0.4797980315510902
0.4797980315528858
-0.4797980315005277
0.47979803153749784
-0.47979803157980444
0.47979803150815536
-0.4797980315251716
0.4797980314663372
-0.47979803151422934
0.4797980314986533
-0.47979803152189093
0.4797980315642797
-0.47979803153470013
0.479798031559293
-0.47979803156942874
0.4797980315847179
-0.47979803156578454
0.4797980315656299
-0.47979803155589124
0.4797980315725227
-0.47979803152485134
0.4797980315182913
-0.4797980314733269
0.4797980315050833
-0.47979803152290307
0.4797980315146244
-0.4797980315161507
0.479798031527871
-0.47979803149197536
0.47979803156784
-0.4797980310327939
0.47979803115701547
-0.47979802808839833
0.4797980285076042
-0.4797980111210839
0.4797980149437427
-0.47979789388656047
0.47979792642946767
-0.47979705715427845
0.47979729731889287
-0.4797909831052487
0.4797927447785326
-0.479746015711033
0.4797592209067695
-0.47940270199802315
0.47950567002041106
-0.47663395751652915
0.4775014878137643
-0.45129704861538295
0.4604122904916962
