1.0
1.0
1.0
1.0
0.9999999999997158
1.0000000000118803
1.0000016661212499
0.8804217151845819
0.7232886332425039
0.5573138308450325
2.1600499167107046e-10
1.0774012082492845e-6
0.04487766581874553
0.023145638358954557
0.004074847668903203
0.0045868695684987415
0.009901310649922834
0.006980224367794108
0.008699382085438856
0.004623055828915312
0.008372880663671367
0.02210883367246197
0.0676246540257921
0.15552829283990377
0.24994043721108028
0.35259164539473886
0.46700928745377723
0.5773141606632635
0.6922792612651278
0.8098436312200761
0.9315793343716336
1.0000000025398776
0.9999999990776587
1.000000000818659
0.999999999152692
1.0000000030054252
1.0000001024884568
0.9999999696527766
0.999999997674422
0.9999999990643573
0.9999999978075493
1.0000000001624585
1.000000000079467
1.0000000000828777
1.0000000000229647
0.999999999132342
0.999999999985107
1.0000000000219416
