1.0
1.0
1.0
1.0
0.9999999999997016
1.0000000000048175
1.000278572548332
0.8804216631780619
0.7232887070882441
0.5573138311227055
0.3778173195418333
0.18025994852066773
0.007665759500195435
0.003224801453985293
0.009155722125200327
0.010453521996144133
0.017541476902344755
0.022786027626025884
0.029199189641907708
0.03623885691233397
0.03886557637843424
0.03646669244709955
0.005329399704507409
3.9655680055261655e-6
1.3235272433576029e-8
1.6770805984833714e-5
6.775309202566859e-10
7.219398412416922e-10
5.314859663485549e-12
4.563148081615509e-9
2.9152133151910675e-8
1.0000001004276555
0.999999999905512
0.9999999996137916
0.9999999990722443
0.9999999968770794
1.0000000146514765
0.9999999902827028
0.9999999974076275
0.999999998762803
0.9999999976304537
1.000000000031008
1.0000000000207194
1.000000000015092
1.0000000007330812
0.9999999991246398
1.0000000000037232
1.0000000000040643
