1.0
1.0
1.0
1.0
1.0
1.000000000000341
1.0000268976863254
0.880421440903433
0.7232886225646098
0.5573138393124282
0.37785096193056233
0.0003767054780610124
0.00611260470805064
0.01772145132622427
0.011732927913556068
0.014847219110549759
0.0025092095522154523
0.001501324249488789
0.008487858692205918
0.004817311964757209
0.0061083328287168115
0.0076967380356336434
0.06938274209130668
0.15149423660261618
0.24505041077156875
0.3478322074722655
0.4636780339651523
0.5786638442948515
0.6927134759951059
0.8139032315550594
0.9237052503453924
0.9999998762177711
0.9999999992105586
1.0000000004115464
0.9999999990059223
1.0000000487577836
1.0000003210407158
0.9999999113447302
0.9999999994570317
0.9999999998831299
0.9999999979222594
1.000000000563432
1.0000000002387424
1.0000000000309228
1.000000000626187
0.9999999989076969
0.9999999999413376
1.0000000000204636
