1.7763568394002505e-15
1.7763568394002505e-15
7.105427357601002e-15
0.0
0.0
6.217248937900877e-15
0.0
8.881784197001252e-15
0.0
7.993605777301127e-15
2.6645352591003757e-15
9.164580205833772e-11
9.579945254278854e-5
0.0322803995546006
0.0627794467714482
0.09649529161009207
0.13297352106942872
0.17174190208422857
0.2124412561642579
0.2550435040866761
0.2720112072303582
0.24275962173835275
0.20695372799280065
0.16977916474077492
0.13507659733755695
0.1050604935349817
0.0805154632241063
0.06123007614368525
0.046470429307792216
0.0353456403457475
0.027011954423393547
0.02079261870647109
0.01585942158159881
0.012616382911465607
0.0016498276028258374
0.00783077875180993
0.0003325120986215069
0.0014993796440787577
0.0003410712910181246
0.0015623301333178574
0.002069204208101638
0.0023105535207506023
0.0015122208264131132
0.00035694566334143474
0.0001149205357506844
1.5736805796251474e-5
3.4396942403702724e-5
0.00037553755972652425
