1.0
1.0
0.0
1.0
0.0
1.0000000000096492
1.0002173544655264
0.8804308049997331
0.7232886217328698
0.5573138301489884
0.37781843009339156
0.1761731380213707
0.008292600664528749
0.006031272434702473
0.015543412810060886
0.024451692139122017
0.03413960849073305
0.04488966577411091
0.05674116586650513
0.0696849712335208
0.07504126746596285
0.05121257963773118
0.024179221862649314
0.0048510883983823305
0.0003111000993705204
1.1381579270164366e-5
1.8082147335007903e-8
2.3666757442697417e-9
1.1004885891452432e-10
0.0019185683327833658
3.5561953382057254e-10
1.1105143471468182e-9
1.0000000006380674
0.9999999996215791
0.9999999990319495
0.9999999962877695
1.000000003628415
0.999999990197594
0.9999999973424423
0.9999999987232826
0.9999999976071905
1.0000000000149925
1.0000000000100329
1.0000000000083418
1.0000000003659295
0.9999999991217692
1.0000000000051301
1.0000000000033396
