1.0
1.0
1.0
1.0
1.0
1.0000000173226908
1.0000130090757011
0.8804226438492151
0.7232886233760496
0.5573140109265182
0.37781766345966616
0.2001887486505325
0.09619347985588433
0.016847156441315292
0.020078838452718628
0.006494816196038755
0.006682142626345922
0.010588338603440661
0.011602824818396584
0.003375138229159802
0.013940060056143011
0.021016307524973854
0.01795228038190544
0.15219916520516108
0.4917045744475672
0.011266180576399165
0.006263595646260001
0.5776405917132479
0.6926705109581235
0.8182510365620601
0.9229260650569131
0.9999999406575171
0.9999999993472102
1.0000000015024852
0.9999999990934612
1.0000000222328254
1.0000002121100806
0.9999999296644546
0.9999999986741841
0.9999999994281552
0.999999997861778
1.0000000003951754
1.0000000001093667
1.000000000178261
1.0000000007755716
0.9999999991794084
1.0000000001236913
1.0000000000366072
