1.0000000000000102
0.9999434085154457
0.9997753832592724
0.9994960378204898
0.9991055149153408
0.9986041141263914
0.9979921461088447
0.9972700897317901
0.9964385062364854
0.9954980530686629
0.9944494767587437
0.9932936077987023
0.9920313548393931
0.9906637169213198
0.9891917736347565
0.9876166731135959
0.9859396450163836
0.9841619939167979
0.9822850974192713
0.9803104041786639
0.9782394318289828
0.976073764826176
0.9738150522102594
0.9714650052922424
0.9690253907485863
0.9664980370122249
0.9638848367491767
0.9611877267067409
0.9584086875065188
0.9555497476136884
0.9526129843290151
0.9496005258878661
0.9465145337879718
0.943357187515466
0.9401307230574367
0.9368373969575026
0.9334795058533982
0.9300593351795572
0.9265792686128523
0.9230416425700971
0.9194488223792054
0.9158032328988123
0.912107266493912
0.9083633319479095
0.9045738551708145
0.9007412503700709
0.8968679979145581
0.8929565056099292
0.8890092040758548
0.8850285182404639
0.8810168647560005
0.8769766496110191
0.8729102659446617
0.8688200878670902
0.8647084851743854
0.8605777964957944
0.8564303441482107
0.8522684281851365
0.8480943246801896
0.843910284079758
0.8397185296256886
0.8355212558462595
0.8313206231804642
0.8271187686231514
0.82291779575222
0.8187197668920344
0.8145267129998721
0.8103406289011155
0.8061634723286052
0.8019971630201708
0.7978435818678046
0.793704570116861
0.7895819286201462
0.7854774171575696
0.7813927538335439
0.7773296145597542
0.7732896326218904
0.7692743983229698
0.7652854553453419
0.7613243139200279
0.7573924305834295
0.7534912173680818
0.7496220547196185
0.7457862670908166
0.7419851392506345
0.7382199123491239
0.7344917840889001
0.730801905168914
0.7271513907181234
0.7235413097299029
0.7199726927566111
0.7164465205998876
0.7129637365059056
0.7095252427259611
0.7061319010110382
0.7027845302941627
0.6994839159259213
0.6962308011410414
0.6930258938909324
0.689869859048284
0.6867633271079224
