0.1
0.3020408163265306
0.5040816326530613
0.7061224489795919
0.9081632653061225
1.110204081632653
1.3122448979591836
1.5142857142857142
1.7163265306122448
1.9183673469387754
2.120408163265306
2.3224489795918366
2.524489795918367
2.726530612244898
2.9285714285714284
3.130612244897959
3.33265306122449
3.5346938775510206
3.736734693877551
3.938775510204082
4.140816326530612
4.3428571428571425
4.544897959183674
4.746938775510204
4.948979591836735
5.151020408163265
5.353061224489796
5.555102040816327
5.757142857142857
5.959183673469388
6.161224489795918
6.363265306122449
6.5653061224489795
6.7673469387755105
6.969387755102041
7.171428571428572
7.373469387755102
7.575510204081633
7.777551020408163
7.979591836734694
8.181632653061225
8.383673469387755
8.585714285714285
8.787755102040816
8.989795918367347
9.191836734693878
9.393877551020408
9.595918367346938
9.79795918367347
10.0
