1.0
1.0
1.0
1.0
1.0
1.0000000000040643
1.0000007562512394
0.8804216048067417
0.7232886234359057
0.5573138299487539
0.37791314349315996
2.4519267043388027e-6
0.041550994949005826
0.0046912855550829136
0.013298711049330336
0.00781574840212329
0.006881613313154844
0.006225233570390287
0.01108719833109717
0.012688547893716873
0.014890482429450458
0.015903500200010967
0.0005385944861870939
0.00014502432171070723
1.3753903544966306e-6
0.3478773676949345
0.4625301558515673
0.5811851766615916
0.6924206202565983
0.813418407592394
0.9283153122227077
1.0000901888388398
1.0000000001795115
1.00000000084367
0.9999999988680202
0.9999999989990442
1.0000000584654458
0.9999999776534878
0.9999999973728677
0.9999999989227035
0.9999999977250695
1.000000000089642
1.0000000000609361
1.0000000000455884
1.0000000007468088
0.9999999991364348
1.0000000000035243
1.0000000000169393
