0.0
0.0
0.0
0.0
0.0
0.0
0.0
0.0
0.0
0.0
0.0
0.0
0.008855757630758188
0.03633193895317488
0.06766043758014018
0.10220440546338505
0.1394928400256683
0.17904387289643564
0.22053130318241188
0.26401469015554646
0.2665572258158768
0.23504721004266926
0.1981140749578696
0.16085374730599256
0.12682826519715817
0.09791960045683101
0.07461971305208337
0.05651770340109863
0.04277907105157652
0.03248532317585884
0.024812148863212258
0.019091202226029225
0.014687244777082498
0.011402542641377522
0.008933684603855241
0.007062331815161471
0.005631466955703601
0.00452782048381728
0.0036692396546378347
0.002995736474378674
0.0024631772242038608
0.0020388350999347438
0.001698246644458834
0.0014229788080015737
0.0011990331169471347
0.0010156973602875041
0.0008647133180126332
