0.9780473305515125
0.8938492861214373
0.6795486489449001
0.4223747095183479
0.20375754758782794
0.062102638613638295
-0.010570267709458745
-0.045372829151544225
-0.06567122704570251
-0.0690555143641259
-0.02929298710793539
0.08544123554499353
0.2861122626110529
0.5430795865895424
0.7859121972054243
0.9282761271857863
0.9142784902667248
0.7574399237667457
0.5328612870005702
0.3261840568588715
0.1849092474555823
0.10465750428546922
0.051435173502322996
-0.000996851639604812
-0.04766428271457585
-0.05616660991643603
0.010923149035221735
0.16938038938857536
0.3964017663545713
0.6327349343114305
0.8020534371226749
0.8444592256874978
0.7530860707175195
0.5825405152254179
0.41239040355017365
0.2956188733683139
0.23305518835024847
0.1877381838192138
0.12526494451363482
0.04689855839700402
-0.010068080385298016
0.0009567649744213136
0.10431462282471436
0.28400690922837496
0.4884982296490216
0.652286514608336
0.7218635287960825
0.6816269223436696
0.5667704226225593
0.4430767981464428
0.36273594022648886
0.3321377326144688
0.3149597601224179
0.2678021321290677
0.1811698374213593
0.09060577411514754
0.051027041721166115
0.0986453081926572
0.2269729015366929
0.3902179926552456
0.5291398617969033
0.598521441504965
0.5842846237290932
0.5103941607278488
0.42760265857327256
0.3816222760813033
0.3823893776104633
0.39845895409122756
0.38225233167396044
0.311061676950886
0.21018871045411797
0.13643709351173708
0.1376332413087398
0.22021037440999522
0.34576223096113984
0.4572125737634286
0.5127310509065695
0.5028310022613159
0.44919985077881036
0.3925010483734489
0.3699160123985977
0.39154878555217937
0.43235577864657554
0.44727769385871546
0.4044445830427169
0.31430042263328717
0.22666123493502924
0.19580399689070743
0.24229149103413056
0.33911102186033454
0.4314867411333468
0.4749487065071665
0.46024912353946523
0.4106739000401655
0.36394503880648094
0.3514212862249765
0.3811933248077906
0.4330007548898076
0.4682917645140525
0.4532152843612053
0.3850940210461255
0.30043716701259243
0.2519056218113922
0.27124783626424526
0.3462781728933168
0.429001801819273
0.47057723598749457
0.4549783748326489
0.40394229104781715
0.3562968106992815
0.3428927038426988
0.37085732904689145
0.42224813344701906
0.46479342905902377
0.4682444316420964
0.4228950405904844
0.35102928626401664
0.2965560305407974
0.2958452971583525
0.35133027280744916
0.42752049139525244
0.47542429873442826
0.46876032249600275
0.4208392331792232
0.36971198103268815
0.3494346878486338
0.36987071054558357
0.4148767446388844
0.45569128426420674
0.4669444779613318
0.4382421406855889
0.3817620730826514
0.3295688494585592
0.3154084331720322
0.35163936543516416
0.4179488132268908
0.472438956098523
0.48156027138355756
0.44540847126910726
0.3951999083099165
0.3673615426049207
0.37791739182285017
0.41490360286082845
0.4510683329290519
0.46333032171782024
0.44341928014069654
0.3995344825273904
0.3538297049882815
0.33287317362999236
0.3520867717541214
0.40382813281142144
0.45849232547814134
0.4826582102954668
0.4642422656874159
0.4220796735464196
0.39003163477087277
0.39054059738187424
0.4193063641549379
0.4517030951679183
0.46374108797837044
0.44746238250223697
0.4110294986079564
0.37186038204722965
0.3494219531505766
0.3567944657843427
0.3929532794654775
0.44041814874472307
0.47268177314476195
0.4716725593665262
0.4428287531637679
0.4117523159667149
0.4037632848117418
0.42387290586534154
0.4536359743820265
0.46775173387207725
0.45462947222990185
0.42166498005265596
0.3859989732774202
0.3640272185644749
0.3652513904829659
0.3894928622321638
0.42659767493389417
0.45894939555133907
0.46960376537498705
0.45473998159809725
0.4290175599733326
0.4153644349872669
0.42634263844203824
0.4528833458348822
0.4714674987188092
0.4647227035092377
0.4350761741090785
0.3996663151263342
0.37634519735015676
0.37415121273373037
0.3916822291920311
0.4204660813782547
0.4486272204339663
0.4638848519160699
0.45942330905515283
0.44076664895615714
