1.1834878400416167
1.069335328917145
0.7933587356907816
0.493444556107436
0.2743423791946799
0.1631755136275589
0.12864934296296918
0.12147858805889841
0.10993873416047306
0.0993867133847206
0.12593506502159033
0.22983407120317334
0.42854305665077974
0.6982121046421648
0.9610775933738015
1.1010980077749781
1.0364499781019347
0.7994890675124475
0.519837285268848
0.32053556913844433
0.24170914233366506
0.24228432797194174
0.25250735233922494
0.22986467581550848
0.1848539097807021
0.16668361894445216
0.22333730741140725
0.3686417187495926
0.5752461850119281
0.7825953894601575
0.9080967916669923
0.8824185754461565
0.7109053514056024
0.49074897417385765
0.3398898271838934
0.31094507305671626
0.36709195183370513
0.42344355935803557
0.41642251980019246
0.34795216536008383
0.2761763964727695
0.26631550475625365
0.34348446848895875
0.48158288648744163
0.6246339017525433
0.7125584435309734
0.7003801223646945
0.5867600885231092
0.43446819761452526
0.33642845265394233
0.34662332926973555
0.44233884903366033
0.5425221298562573
0.5686213910986119
0.5034807714523762
0.399439052266063
0.33367625674189155
0.35011038718096515
0.43401779679269586
0.5314042136279971
0.5878978225034892
0.5745840448351082
0.49641381171567267
0.3956800561179863
0.33625071041909865
0.3616463441879333
0.4618414230885454
0.57510204931842
0.6263097588664447
0.5824528720059327
0.47796262147314433
0.3865260873383566
0.36542690220489826
0.4169370028343804
0.49438632605624283
0.5413354951119177
0.5295788136028835
0.4691068162617789
0.39632509849143693
0.35617140974807626
0.3781836095554126
0.4571887641917795
0.5523563567902922
0.6063282329121784
0.5829874145680756
0.4980260545573232
0.4092357581001624
0.3742532481986058
0.40965037169487944
0.4819904184688276
0.5359616436924104
0.5357613923302751
0.48697621070937075
0.42505454008454135
0.3891133830904004
0.4005848731721119
0.45366502170295553
0.5201376033621635
0.5617517055342391
0.5498699538778354
0.4885523174414268
0.4166883020903015
0.3817364594694045
0.4064226389150794
0.47221408722567937
0.5326715999536151
0.5475055975646848
0.5115378193635202
0.4547917657958193
0.41632284676306014
0.4177645616527511
0.45356253480274594
0.4997213825941159
0.5291116213154319
0.5227946358657903
0.4811888287834643
0.42841538362737075
0.3984449998036859
0.4124572945310776
0.463374246985357
0.5185632895562949
0.5415782549160194
0.5186095074967613
0.4688562217959608
0.4284120555488866
0.42255109255159967
0.45007266066411067
0.4888363988702844
0.5142827814328567
0.5126500870382782
0.48504003545786367
0.44754742110029194
0.42326491214226475
0.42817880135606
0.46082955751706206
0.5014557707131104
0.5232048002019297
0.5103126895007695
0.47095342714356864
0.43270809874413746
0.4216953331054878
0.44327102200439095
0.4799557543867835
0.5070749173352057
0.5104382285434563
0.49151613934768834
0.46360121250543784
0.44404737306943665
0.44421816799194513
0.4635007003348417
0.4898345053884515
0.5059644114384678
0.4995552198048035
0.4721851077881697
0.4407884094879165
0.4270250065258774
0.4408149363921323
0.4722217929956057
0.4993902323850222
0.5060232912011807
0.49153934389815074
0.46803894198675594
0.45122679394393495
0.450684433189726
0.46492701580902657
0.484085076816894
0.49622866905985524
0.49362084397248823
0.47658120584044017
0.4543270122601648
0.4411855174523466
0.44711750134963035
0.4689867496170169
0.4913591535640632
0.49835024226887115
0.48612059692419174
0.4643341707546698
0.4481168072630982
0.4477071643563396
0.4619479055555761
0.4806099585393125
0.4924512561925966
0.4919396026288324
0.48087233710376154
0.4659661283617653
0.4558900787112619
0.4574221193919897
0.4703747624280666
0.48582114896099493
0.49149950349590615
0.48171489357383934
0.46229026951577273
0.4462385519723108
0.4445453970740672
0.45816527848211136
0.4775003402129828
0.4902851157144517
0.4903738402090881
0.4805577777065739
0.4685721449711246
0.4615269178655141
